#seed=11 for mt19937_64 Generator is used
#ix   iy   Theta(x,y)    Phi(x,y)      Moment_Size(x,y)
0              0     0.00828566      0.0386713              1
1              0      0.0189013      0.0349314              1
2              0        3.14453      0.0141992              1
3              0         3.1863      0.0335194              1
4              0      0.0265043      0.0435964              1
5              0      0.0135824     0.00493026              1
6              0        3.18584      0.0197174              1
7              0        3.15446      0.0157967              1
8              0      0.0187333    0.000167999              1
9              0      0.0423249      0.0471182              1
10              0        3.15661      0.0467306              1
11              0        3.17963      0.0430717              1
12              0      0.0168395      0.0247109              1
13              0      0.0216099    0.000437732              1
14              0        3.14599      0.0304171              1
15              0        3.16185      0.0406221              1
0              1        3.18605      0.0457334              1
1              1      0.0120731      0.0101622              1
2              1      0.0120419      0.0246775              1
3              1        3.19157     0.00236164              1
4              1        3.19025      0.0329866              1
5              1      0.0205971      0.0180965              1
6              1      0.0312015      0.0166157              1
7              1        3.14534      0.0179694              1
8              1        3.15529     0.00339016              1
9              1      0.0262402     0.00563105              1
10              1        0.01921      0.0309965              1
11              1        3.19063      0.0185475              1
12              1        3.14887       0.014197              1
13              1     0.00184272      0.0440476              1
14              1      0.0182797      0.0351996              1
15              1        3.16207       0.037029              1
0              2        3.18971      0.0121176              1
1              2        3.18261     0.00728879              1
2              2      0.0139592      0.0110626              1
3              2      0.0129533      0.0292714              1
4              2        3.17851      0.0216807              1
5              2         3.1915      0.0136402              1
6              2      0.0407687      0.0457822              1
7              2      0.0101498      0.0284834              1
8              2        3.16634     0.00751664              1
9              2        3.18521      0.0308495              1
10              2      0.0341954      0.0184887              1
11              2      0.0155036      0.0070392              1
12              2        3.15381      0.0380333              1
13              2         3.1604     0.00710406              1
14              2      0.0492079      0.0186829              1
15              2       0.019475     0.00459688              1
0              3      0.0420695      0.0308292              1
1              3          3.179      0.0335261              1
2              3        3.16533      0.0402332              1
3              3     0.00467283      0.0249261              1
4              3       0.025562      0.0400141              1
5              3        3.14384      0.0496345              1
6              3        3.14819      0.0202833              1
7              3      0.0369302      0.0256278              1
8              3      0.0194276     0.00980644              1
9              3        3.16418      0.0223159              1
10              3        3.16773      0.0274561              1
11              3      0.0249564     0.00576949              1
12              3       0.037648      0.0257869              1
13              3        3.17876      0.0107299              1
14              3        3.18183      0.0235732              1
15              3      0.0363692      0.0274182              1
0              4     0.00273748      0.0416371              1
1              4      0.0200735      0.0324016              1
2              4        3.16041      0.0339746              1
3              4        3.15145    0.000154567              1
4              4      0.0201902      0.0244151              1
5              4      0.0102793       0.047689              1
6              4        3.17536       0.015218              1
7              4        3.14425      0.0121772              1
8              4      0.0323516     0.00446032              1
9              4      0.0188421     0.00398849              1
10              4        3.18909      0.0122666              1
11              4        3.15174      0.0255453              1
12              4       0.026761      0.0234131              1
13              4     0.00862652      0.0440373              1
14              4        3.17816      0.0479841              1
15              4        3.14774      0.0198989              1
0              5         3.1766      0.0338329              1
1              5     0.00742561       0.015214              1
2              5      0.0407322      0.0480874              1
3              5        3.17993      0.0315706              1
4              5        3.17048     0.00825087              1
5              5      0.0254519      0.0418516              1
6              5      0.0441567      0.0237003              1
7              5        3.18638      0.0234303              1
8              5        3.18211      0.0249544              1
9              5     0.00123196       0.045534              1
10              5      0.0170689      0.0357536              1
11              5        3.17104       0.046764              1
12              5        3.15213      0.0233529              1
13              5       0.031549      0.0162842              1
14              5      0.0254845      0.0362543              1
15              5        3.14567     0.00746599              1
0              6         3.1782      0.0113575              1
1              6        3.14913        0.02414              1
2              6      0.0089527      0.0162704              1
3              6     0.00763903      0.0350362              1
4              6        3.16783       0.031244              1
5              6        3.19154       0.041546              1
6              6      0.0109368     0.00727668              1
7              6     0.00392327      0.0176382              1
8              6        3.14906      0.0112599              1
9              6        3.15635      0.0298791              1
10              6      0.0209777       0.039977              1
11              6      0.0421704      0.0269069              1
12              6        3.17454      0.0100533              1
13              6        3.17863      0.0368641              1
14              6      0.0384543      0.0487694              1
15              6      0.0184587      0.0167551              1
0              7      0.0049388      0.0260775              1
1              7        3.19092      0.0445731              1
2              7        3.17766      0.0176543              1
3              7      0.0261279      0.0358668              1
4              7      0.0245152      0.0360948              1
5              7        3.16455      0.0384337              1
6              7        3.14591      0.0442842              1
7              7      0.0407633      0.0437117              1
8              7     0.00660656     0.00387623              1
9              7        3.15583      0.0360955              1
10              7        3.15839      0.0457577              1
11              7      0.0160767      0.0316786              1
12              7      0.0426162      0.0257416              1
13              7        3.18989      0.0329617              1
14              7        3.16818      0.0263096              1
15              7    9.43729e-05      0.0456191              1
0              8      0.0305844      0.0304695              1
1              8      0.0385393         0.0433              1
2              8        3.16073      0.0376014              1
3              8        3.18411      0.0351386              1
4              8      0.0422956      0.0332876              1
5              8      0.0414832      0.0248676              1
6              8        3.16196      0.0401962              1
7              8        3.16359      0.0085289              1
8              8      0.0395471     0.00306199              1
9              8       0.035378     0.00160561              1
10              8        3.17823     0.00506465              1
11              8        3.17663      0.0273945              1
12              8     0.00824364     0.00511072              1
13              8      0.0420768      0.0159346              1
14              8         3.1723      0.0359151              1
15              8        3.19087      0.0259201              1
0              9        3.17847      0.0252035              1
1              9      0.0408393      0.0282242              1
2              9       0.046164      0.0356065              1
3              9        3.17019      0.0234984              1
4              9        3.17917     0.00719832              1
5              9      0.0174898      0.0122742              1
6              9      0.0118022      0.0426569              1
7              9        3.16565       0.017073              1
8              9        3.14981      0.0450187              1
9              9      0.0393404      0.0177463              1
10              9      0.0427528     0.00590164              1
11              9        3.14219       0.019314              1
12              9        3.16267      0.0120826              1
13              9      0.0234356      0.0183991              1
14              9     0.00132908      0.0420454              1
15              9        3.18014      0.0104872              1
0             10        3.14772      0.0196682              1
1             10        3.18422     0.00463795              1
2             10      0.0270999      0.0196598              1
3             10     0.00507908     0.00447165              1
4             10        3.19055      0.0477668              1
5             10        3.18303     0.00512372              1
6             10      0.0322233      0.0160106              1
7             10      0.0235338      0.0422154              1
8             10        3.16737      0.0369528              1
9             10        3.15523     0.00292898              1
10             10      0.0350176      0.0208186              1
11             10       0.014433      0.0281786              1
12             10        3.16333     0.00997609              1
13             10        3.14772      0.0246854              1
14             10      0.0144221      0.0236093              1
15             10      0.0479957        0.02041              1
0             11     0.00540693      0.0206058              1
1             11        3.15497      0.0343453              1
2             11        3.18968      0.0368716              1
3             11       0.001339     0.00280859              1
4             11     0.00694689      0.0471583              1
5             11        3.14951     0.00284961              1
6             11        3.16974       0.039234              1
7             11      0.0446275     0.00789209              1
8             11      0.0352101    0.000638497              1
9             11        3.17513     0.00293566              1
10             11        3.17775      0.0143927              1
11             11       0.011585    0.000256871              1
12             11      0.0452546      0.0185314              1
13             11        3.16937      0.0092778              1
14             11        3.17163      0.0145976              1
15             11     0.00333567     0.00826628              1
0             12      0.0406884      0.0430893              1
1             12     0.00653871     0.00529065              1
2             12        3.15909     0.00286323              1
3             12        3.15289      0.0206845              1
4             12      0.0449534     0.00293153              1
5             12      0.0172961      0.0284515              1
6             12        3.15052      0.0134859              1
7             12        3.18147      0.0129811              1
8             12     0.00107287     0.00776292              1
9             12     0.00491189      0.0444368              1
10             12        3.15504      0.0427526              1
11             12        3.17506      0.0448849              1
12             12      0.0289487      0.0456962              1
13             12       0.034829      0.0352719              1
14             12        3.15091      0.0129626              1
15             12         3.1745      0.0321269              1
0             13        3.15719      0.0222854              1
1             13      0.0174952      0.0146235              1
2             13     0.00928648      0.0344587              1
3             13        3.17641      0.0485197              1
4             13        3.17453      0.0379343              1
5             13      0.0211484      0.0251466              1
6             13      0.0229493       0.016862              1
7             13        3.17371      0.0273403              1
8             13        3.17154      0.0457552              1
9             13      0.0192837        0.01532              1
10             13      0.0455088     0.00713249              1
11             13        3.16727      0.0450352              1
12             13        3.18162    0.000870926              1
13             13      0.0062346      0.0195582              1
14             13      0.0154207      0.0406371              1
15             13        3.18462      0.0295109              1
0             14        3.18334      0.0367532              1
1             14         3.1638      0.0203245              1
2             14    0.000506263      0.0309087              1
3             14      0.0276773      0.0426436              1
4             14        3.18307     0.00063944              1
5             14        3.16698      0.0426998              1
6             14      0.0154714     0.00588027              1
7             14     0.00707237      0.0383039              1
8             14         3.1549      0.0131018              1
9             14        3.17708      0.0352012              1
10             14      0.0314066     0.00843994              1
11             14      0.0139079      0.0302978              1
12             14        3.17214      0.0434133              1
13             14        3.16706      0.0336848              1
14             14       0.043449      0.0036064              1
15             14      0.0399347      0.0224804              1
0             15      0.0271512      0.0179473              1
1             15        3.18873      0.0379781              1
2             15         3.1878      0.0389976              1
3             15     0.00230091      0.0381591              1
4             15      0.0188288      0.0409249              1
5             15        3.18449      0.0165855              1
6             15        3.17696     0.00568871              1
7             15        0.04965     0.00216226              1
8             15      0.0328664      0.0422105              1
9             15        3.14982      0.0105424              1
10             15        3.17792      0.0170206              1
11             15       0.037838     0.00507383              1
12             15      0.0450494     0.00204164              1
13             15        3.15674      0.0205919              1
14             15        3.17077     0.00596742              1
15             15      0.0114455      0.0434737              1
