#x              y     Theta(x,y)       Phi(x,y)Moment_Size(x,y)
0              0      0.0388033      0.0280049              1
0              1        3.16617      0.0017489              1
0              2        3.18476      0.0225431              1
0              3     0.00835426      0.0458987              1
0              4      0.0456225      0.0093352              1
0              5        3.17098      0.0167826              1
0              6        3.18226     0.00852915              1
0              7     0.00456917      0.0223009              1
0              8      0.0408489      0.0270079              1
0              9        3.17578      0.0127092              1
0             10        3.14985      0.0135562              1
0             11      0.0375264     0.00766427              1
0             12      0.0172795      0.0264483              1
0             13        3.16058      0.0180361              1
0             14        3.17302     0.00756272              1
0             15      0.0358039      0.0346473              1
1              0      0.0401413      0.0403602              1
1              1      0.0198153      0.0392815              1
1              2        3.17107     0.00857966              1
1              3         3.1605      0.0344438              1
1              4      0.0482813      0.0246833              1
1              5      0.0284408      0.0116001              1
1              6        3.14877      0.0336992              1
1              7        3.14703      0.0143635              1
1              8      0.0365795      0.0160844              1
1              9      0.0105934     0.00364081              1
1             10        3.14839      0.0170281              1
1             11        3.16368      0.0110864              1
1             12      0.0343875      0.0158042              1
1             13       0.029712      0.0239749              1
1             14        3.16088     0.00385873              1
1             15        3.18756      0.0131447              1
2              0        3.15897      0.0137234              1
2              1      0.0318739      0.0295422              1
2              2      0.0428521      0.0224611              1
2              3         3.1896      0.0447827              1
2              4        3.17784      0.0360584              1
2              5     0.00544106      0.0295943              1
2              6      0.0164935      0.0339998              1
2              7        3.18936    8.65906e-05              1
2              8        3.16342     0.00881582              1
2              9      0.0401308      0.0200484              1
2             10      0.0357151     0.00111922              1
2             11        3.14909     0.00438629              1
2             12        3.17827      0.0229052              1
2             13      0.0191237      0.0459568              1
2             14      0.0376757      0.0483706              1
2             15        3.15874        0.03737              1
3              0        3.16802      0.0270743              1
3              1        3.17845     0.00667852              1
3              2      0.0401147      0.0470888              1
3              3      0.0456628       0.049672              1
3              4        3.17458      0.0166866              1
3              5         3.1522      0.0440219              1
3              6      0.0356717      0.0135369              1
3              7      0.0303248      0.0263264              1
3              8        3.14188      0.0348485              1
3              9        3.18762      0.0332314              1
3             10       0.016273      0.0112287              1
3             11      0.0499359      0.0110307              1
3             12        3.17236      0.0182452              1
3             13        3.17328      0.0274765              1
3             14      0.0294687      0.0190693              1
3             15      0.0340469     0.00480605              1
4              0     0.00338787      0.0325484              1
4              1        3.17016      0.0430295              1
4              2        3.15264      0.0498947              1
4              3      0.0310783     0.00105389              1
4              4      0.0253447      0.0408728              1
4              5        3.16199      0.0148031              1
4              6        3.18103      0.0348982              1
4              7      0.0136377      0.0465359              1
4              8     0.00371882      0.0211437              1
4              9        3.16605       0.040613              1
4             10        3.16756      0.0235991              1
4             11      0.0457712     0.00997726              1
4             12     0.00528139      0.0290328              1
4             13        3.15953    0.000140103              1
4             14        3.16637      0.0480453              1
4             15      0.0171487      0.0236972              1
5              0    0.000966899      0.0436047              1
5              1      0.0490282       0.036889              1
5              2        3.18713     0.00410474              1
5              3        3.17116     0.00129372              1
5              4      0.0478434     0.00517022              1
5              5     0.00859643      0.0453381              1
5              6        3.17042     0.00108217              1
5              7        3.16081      0.0147194              1
5              8      0.0163597      0.0184069              1
5              9      0.0188013      0.0144527              1
5             10        3.18281      0.0272103              1
5             11        3.17783      0.0315283              1
5             12     0.00925805      0.0310571              1
5             13      0.0265838      0.0116756              1
5             14        3.18439      0.0285302              1
5             15        3.16585       0.043029              1
6              0        3.16547      0.0119788              1
6              1      0.0241674      0.0467535              1
6              2      0.0224189     0.00517596              1
6              3         3.1546      0.0371526              1
6              4        3.14434      0.0484287              1
6              5      0.0446538      0.0316262              1
6              6      0.0314833      0.0449756              1
6              7        3.17828      0.0491117              1
6              8        3.18701     0.00533796              1
6              9      0.0404891      0.0140417              1
6             10      0.0428749     0.00619221              1
6             11        3.15649      0.0422944              1
6             12        3.17366      0.0446263              1
6             13      0.0395409      0.0405019              1
6             14      0.0304373      0.0159687              1
6             15        3.15778      0.0243369              1
7              0        3.17378      0.0354258              1
7              1        3.14378      0.0253262              1
7              2      0.0368006     0.00994471              1
7              3     0.00860185     0.00872075              1
7              4         3.1619     0.00544105              1
7              5        3.19036      0.0431906              1
7              6       0.012896      0.0169958              1
7              7      0.0174284      0.0125784              1
7              8        3.18989      0.0435466              1
7              9         3.1875      0.0169521              1
7             10      0.0388508     0.00131706              1
7             11     0.00110304      0.0173562              1
7             12        3.17195      0.0224903              1
7             13        3.16265      0.0377569              1
7             14     0.00353432      0.0315189              1
7             15      0.0100161      0.0176462              1
8              0      0.0275157      0.0267546              1
8              1        3.15453      0.0412258              1
8              2        3.17384      0.0405778              1
8              3      0.0193373      0.0106758              1
8              4      0.0283251      0.0297523              1
8              5        3.15546      0.0308146              1
8              6        3.18754      0.0492607              1
8              7      0.0228452     0.00746519              1
8              8     0.00820011      0.0222491              1
8              9        3.16115      0.0295207              1
8             10        3.15379      0.0249065              1
8             11      0.0343386      0.0284723              1
8             12      0.0323261      0.0202857              1
8             13        3.17169      0.0345187              1
8             14        3.14243     0.00625631              1
8             15      0.0389512      0.0127143              1
9              0      0.0391613       0.017602              1
9              1       0.005677     0.00721731              1
9              2        3.17356     0.00644381              1
9              3        3.17666      0.0242792              1
9              4      0.0186414      0.0192136              1
9              5     0.00574571      0.0327815              1
9              6        3.15436     0.00572369              1
9              7        3.16168      0.0378883              1
9              8      0.0204083      0.0393965              1
9              9     0.00620452      0.0348164              1
9             10        3.16263      0.0168528              1
9             11        3.16863      0.0170067              1
9             12      0.0175626      0.0412499              1
9             13      0.0333947       0.038811              1
9             14        3.16026      0.0069169              1
9             15        3.14605      0.0335361              1
10              0        3.14218     0.00731901              1
10              1      0.0126826      0.0211472              1
10              2      0.0212962       0.032873              1
10              3        3.16715      0.0419126              1
10              4        3.17902      0.0182605              1
10              5      0.0198178     0.00141748              1
10              6      0.0394412      0.0340179              1
10              7        3.18591     0.00640399              1
10              8        3.17939      0.0422374              1
10              9      0.0443369     0.00302317              1
10             10     0.00913776      0.0305553              1
10             11        3.15681      0.0365994              1
10             12        3.14501      0.0354634              1
10             13      0.0377459      0.0457782              1
10             14       0.049254     0.00507408              1
10             15        3.16544      0.0288501              1
11              0         3.1736      0.0259565              1
11              1        3.15124       0.028431              1
11              2      0.0335052     0.00689528              1
11              3     0.00557236      0.0447947              1
11              4        3.14734      0.0213779              1
11              5        3.16833      0.0497568              1
11              6     0.00989204      0.0416976              1
11              7     0.00695168      0.0465313              1
11              8        3.15328      0.0190267              1
11              9        3.15018      0.0436581              1
11             10     0.00223187      0.0448393              1
11             11       0.032759      0.0128275              1
11             12        3.15754     0.00298916              1
11             13        3.18737      0.0234619              1
11             14      0.0190435      0.0312194              1
11             15      0.0116514     0.00484772              1
12              0      0.0272404      0.0223035              1
12              1        3.18732      0.0297716              1
12              2        3.14954     0.00611237              1
12              3     0.00854994      0.0382585              1
12              4      0.0366252      0.0243521              1
12              5        3.17267      0.0392293              1
12              6        3.14167     0.00322744              1
12              7      0.0140425      0.0429144              1
12              8      0.0341583      0.0358918              1
12              9        3.17594      0.0317692              1
12             10        3.15101      0.0460135              1
12             11      0.0276814      0.0348405              1
12             12     0.00328667      0.0357258              1
12             13        3.18969       0.011589              1
12             14        3.14398      0.0254159              1
12             15     0.00507372      0.0183211              1
13              0      0.0427353      0.0320694              1
13              1      0.0104379      0.0317559              1
13              2        3.16083      0.0330065              1
13              3        3.19086      0.0161334              1
13              4      0.0413253      0.0406231              1
13              5      0.0107393      0.0291375              1
13              6        3.18075      0.0445737              1
13              7        3.17076      0.0474733              1
13              8      0.0357946      0.0302272              1
13              9     0.00127107      0.0197962              1
13             10        3.18086     0.00908866              1
13             11        3.17332      0.0368825              1
13             12      0.0135724      0.0304117              1
13             13      0.0187528      0.0125533              1
13             14         3.1439      0.0105745              1
13             15        3.17928      0.0128043              1
14              0        3.15194       0.021694              1
14              1     0.00838827      0.0325282              1
14              2      0.0338912      0.0174758              1
14              3        3.14263     0.00276115              1
14              4        3.15639      0.0428828              1
14              5      0.0419422      0.0478125              1
14              6        0.02273      0.0292236              1
14              7        3.16328      0.0199733              1
14              8        3.16548       0.010402              1
14              9    0.000183295      0.0042169              1
14             10      0.0153921      0.0288989              1
14             11        3.14588      0.0049383              1
14             12        3.17221      0.0244565              1
14             13    0.000312553     0.00754482              1
14             14      0.0396997      0.0284614              1
14             15          3.154      0.0321448              1
15              0         3.1857      0.0130149              1
15              1        3.18384      0.0343217              1
15              2     0.00223235      0.0139905              1
15              3      0.0390106      0.0341483              1
15              4        3.16082     0.00419493              1
15              5        3.15035      0.0415416              1
15              6      0.0188501      0.0127149              1
15              7      0.0119358      0.0426779              1
15              8        3.15243      0.0247706              1
15              9        3.17406      0.0341467              1
15             10    0.000571679      0.0344294              1
15             11      0.0484828      0.0162327              1
15             12        3.15008     0.00394855              1
15             13        3.18125      0.0190162              1
15             14     0.00140433      0.0339314              1
15             15      0.0095687      0.0256902              1
