#x              y     Theta(x,y)       Phi(x,y)Moment_Size(x,y)
0              0      0.0392774      0.0226915              1
0              1        3.14641      0.0405526              1
0              2        3.18412      0.0188611              1
0              3      0.0341114     0.00286283              1
0              4      0.0420065      0.0224389              1
0              5         3.1747     0.00352163              1
0              6         3.1581      0.0310291              1
0              7      0.0462914        0.01588              1
0              8      0.0352122      0.0300991              1
0              9        3.14264      0.0295552              1
0             10        3.17622      0.0325509              1
0             11     0.00341565      0.0467754              1
0             12      0.0131332       0.020666              1
0             13        3.18577     0.00171445              1
0             14        3.16071      0.0453363              1
0             15      0.0164937     0.00264574              1
1              0      0.0297125     0.00311549              1
1              1      0.0390597     0.00168873              1
1              2        3.18201     0.00554119              1
1              3        3.15647      0.0171658              1
1              4      0.0375912      0.0496317              1
1              5       0.034063      0.0288648              1
1              6        3.15329      0.0382114              1
1              7        3.14672      0.0474843              1
1              8      0.0307122      0.0151098              1
1              9     0.00440393       0.016088              1
1             10        3.17403      0.0486285              1
1             11        3.14505      0.0133274              1
1             12      0.0308504      0.0386658              1
1             13      0.0121302      0.0395145              1
1             14        3.14556      0.0342707              1
1             15        3.18309     0.00639819              1
2              0        3.16899     0.00281932              1
2              1      0.0337958      0.0144863              1
2              2      0.0178293    0.000335229              1
2              3        3.15033      0.0237156              1
2              4        3.19131      0.0212233              1
2              5       0.034045     0.00180552              1
2              6      0.0464742    0.000795748              1
2              7        3.14393     0.00141533              1
2              8         3.1831     0.00101176              1
2              9      0.0145579      0.0384541              1
2             10      0.0238008      0.0430337              1
2             11        3.17036      0.0115487              1
2             12        3.15201       0.027654              1
2             13      0.0030917      0.0096091              1
2             14      0.0302405      0.0452435              1
2             15        3.14247      0.0393222              1
3              0        3.18365     0.00192938              1
3              1        3.18656      0.0110056              1
3              2      0.0291057      0.0308667              1
3              3      0.0212627    0.000724117              1
3              4        3.16302     0.00840466              1
3              5        3.15378      0.0456807              1
3              6      0.0439958      0.0391775              1
3              7       0.035431      0.0392527              1
3              8        3.18665       0.032948              1
3              9        3.17293      0.0210278              1
3             10      0.0324114    0.000780974              1
3             11      0.0252283      0.0457471              1
3             12        3.15733      0.0402215              1
3             13        3.18008      0.0249739              1
3             14     0.00197551      0.0475687              1
3             15      0.0237223      0.0116476              1
4              0      0.0378283      0.0387512              1
4              1         3.1479       0.027114              1
4              2        3.17477      0.0445183              1
4              3      0.0167313     0.00863407              1
4              4     0.00236454      0.0139318              1
4              5        3.16731      0.0337473              1
4              6        3.15104        0.04859              1
4              7      0.0252315      0.0464046              1
4              8      0.0488989      0.0394533              1
4              9        3.17955      0.0145012              1
4             10         3.1597      0.0375268              1
4             11     0.00789328      0.0286033              1
4             12      0.0182409      0.0441692              1
4             13        3.17549      0.0165561              1
4             14        3.14476      0.0349733              1
4             15      0.0186596      0.0409713              1
5              0      0.0337395      0.0223864              1
5              1      0.0486366     0.00915395              1
5              2        3.16367      0.0241906              1
5              3        3.14275      0.0486035              1
5              4      0.0263381      0.0266245              1
5              5      0.0114029      0.0222384              1
5              6        3.15641       0.026431              1
5              7        3.18683      0.0340574              1
5              8      0.0499525       0.034272              1
5              9      0.0310917     0.00749631              1
5             10        3.18786      0.0453571              1
5             11        3.15365      0.0311098              1
5             12      0.0220332      0.0290379              1
5             13      0.0371138       0.043342              1
5             14        3.14341      0.0286909              1
5             15        3.14333      0.0458409              1
6              0        3.16518      0.0186432              1
6              1      0.0472136      0.0457906              1
6              2     0.00777814      0.0483177              1
6              3        3.15587      0.0221327              1
6              4        3.15888       0.037487              1
6              5      0.0363806      0.0373777              1
6              6      0.0367212      0.0376784              1
6              7        3.18793      0.0056831              1
6              8         3.1572      0.0444035              1
6              9      0.0203582      0.0280366              1
6             10      0.0203964     0.00072512              1
6             11        3.16038     0.00600223              1
6             12        3.14233      0.0307253              1
6             13       0.047841     0.00249766              1
6             14     0.00505334      0.0320356              1
6             15        3.18253      0.0292472              1
7              0        3.18724      0.0343936              1
7              1        3.17215      0.0199704              1
7              2       0.015245      0.0160554              1
7              3      0.0190719      0.0296711              1
7              4        3.14916      0.0272854              1
7              5        3.17555      0.0218113              1
7              6      0.0136294    0.000804658              1
7              7      0.0208595       0.045279              1
7              8         3.1837      0.0232862              1
7              9        3.15314       0.042573              1
7             10      0.0353988      0.0344408              1
7             11      0.0124583      0.0463854              1
7             12        3.17104      0.0333826              1
7             13        3.14169        0.04786              1
7             14      0.0174559      0.0489198              1
7             15      0.0139988      0.0266856              1
8              0      0.0182675      0.0100551              1
8              1        3.18099      0.0202912              1
8              2        3.16047      0.0243671              1
8              3     0.00103583      0.0167232              1
8              4     0.00393893     0.00142213              1
8              5        3.17775      0.0139628              1
8              6        3.18799    0.000150432              1
8              7      0.0489263       0.036093              1
8              8      0.0131248      0.0425788              1
8              9        3.18053      0.0321204              1
8             10        3.15941      0.0179587              1
8             11      0.0336923       0.012034              1
8             12      0.0109826      0.0383035              1
8             13        3.15441      0.0340383              1
8             14        3.16101       0.042798              1
8             15      0.0234998      0.0268168              1
9              0      0.0455225      0.0370257              1
9              1      0.0356692      0.0289002              1
9              2        3.17803      0.0267912              1
9              3        3.15053      0.0400466              1
9              4     0.00812365      0.0234391              1
9              5     0.00183699     0.00834269              1
9              6        3.15781      0.0397939              1
9              7          3.157      0.0242133              1
9              8      0.0243555      0.0347973              1
9              9      0.0130588      0.0491525              1
9             10         3.1851      0.0171541              1
9             11         3.1811      0.0129718              1
9             12      0.0329245      0.0442622              1
9             13      0.0418142      0.0229723              1
9             14        3.14891      0.0462052              1
9             15        3.16106      0.0149976              1
10              0        3.18363      0.0163159              1
10              1      0.0251204       0.030031              1
10              2      0.0494888      0.0208059              1
10              3         3.1824      0.0189276              1
10              4        3.14401      0.0175808              1
10              5      0.0248684      0.0289816              1
10              6      0.0345041      0.0464681              1
10              7        3.14902      0.0143796              1
10              8        3.15633      0.0426033              1
10              9      0.0359312      0.0164727              1
10             10      0.0119812      0.0391829              1
10             11        3.15526      0.0499204              1
10             12        3.15015      0.0282327              1
10             13      0.0123341      0.0491244              1
10             14       0.013201      0.0378649              1
10             15         3.1586      0.0218472              1
11              0        3.18817      0.0221344              1
11              1        3.14794     0.00297625              1
11              2      0.0355107      0.0228652              1
11              3     0.00217586      0.0117746              1
11              4        3.16473      0.0234468              1
11              5        3.15714      0.0431854              1
11              6      0.0468343       0.038041              1
11              7      0.0109483     0.00393402              1
11              8        3.18198      0.0109376              1
11              9        3.14301     0.00540182              1
11             10      0.0100266      0.0101926              1
11             11      0.0243127      0.0293024              1
11             12        3.14853      0.0325805              1
11             13        3.16954      0.0388043              1
11             14      0.0247246      0.0313615              1
11             15      0.0227893      0.0150665              1
12              0      0.0135283      0.0117331              1
12              1        3.16703      0.0145028              1
12              2        3.16039      0.0127191              1
12              3      0.0262965      0.0459016              1
12              4      0.0145661      0.0405503              1
12              5        3.16881      0.0110247              1
12              6        3.14396      0.0350423              1
12              7      0.0200105      0.0239241              1
12              8      0.0469978      0.0121178              1
12              9        3.16897      0.0402416              1
12             10        3.16407     0.00717181              1
12             11      0.0427686      0.0397849              1
12             12      0.0303917       0.014546              1
12             13        3.17542      0.0489155              1
12             14        3.14371      0.0386418              1
12             15    0.000220886      0.0108248              1
13              0      0.0448093      0.0461944              1
13              1      0.0118037      0.0495408              1
13              2        3.18628      0.0443673              1
13              3        3.17856      0.0242355              1
13              4      0.0492879      0.0354074              1
13              5      0.0182783      0.0149297              1
13              6         3.1515      0.0140226              1
13              7        3.18625      0.0341437              1
13              8      0.0364031      0.0097748              1
13              9      0.0466752      0.0202162              1
13             10        3.16045      0.0274492              1
13             11        3.17469      0.0138849              1
13             12     0.00949459      0.0280229              1
13             13      0.0433622       0.018884              1
13             14        3.15583      0.0229907              1
13             15        3.14229      0.0114371              1
14              0        3.14659      0.0147715              1
14              1      0.0374206      0.0484189              1
14              2      0.0220214      0.0289087              1
14              3         3.1462      0.0240396              1
14              4        3.15655      0.0381789              1
14              5      0.0413889       0.023951              1
14              6      0.0383106      0.0174458              1
14              7        3.18953      0.0467609              1
14              8        3.15436      0.0487317              1
14              9     0.00350652      0.0270288              1
14             10      0.0231405     0.00938667              1
14             11        3.14231      0.0493209              1
14             12        3.15398      0.0393516              1
14             13     0.00402096         0.0118              1
14             14      0.0499535     0.00581873              1
14             15        3.15204       0.046852              1
15              0        3.15459      0.0112924              1
15              1        3.14914      0.0447909              1
15              2      0.0391047     0.00988663              1
15              3      0.0437274      0.0226075              1
15              4        3.15317      0.0414484              1
15              5        3.14877       0.019133              1
15              6      0.0374936      0.0422088              1
15              7      0.0333146      0.0417436              1
15              8        3.18799     0.00096949              1
15              9        3.18861     0.00399841              1
15             10      0.0315333      0.0341723              1
15             11      0.0364062      0.0140699              1
15             12        3.14254      0.0239335              1
15             13        3.14795      0.0289047              1
15             14      0.0115375      0.0223693              1
15             15      0.0107657      0.0189161              1
