#x              y     Theta(x,y)       Phi(x,y)Moment_Size(x,y)
0              0      0.0242071      0.0458803              1
0              1        3.16476      0.0115769              1
0              2        3.14404      0.0328101              1
0              3      0.0351901      0.0367803              1
0              4      0.0490394      0.0381873              1
0              5        3.17056      0.0168947              1
0              6        3.18127       0.026629              1
0              7      0.0348927      0.0200296              1
0              8      0.0176002      0.0129366              1
0              9        3.15821     0.00742335              1
0             10        3.18589     0.00840838              1
0             11      0.0078587      0.0407952              1
0             12      0.0212219      0.0145936              1
0             13        3.17637     0.00897946              1
0             14        3.17931      0.0080337              1
0             15      0.0111488      0.0438759              1
1              0       0.043116      0.0430021              1
1              1      0.0141308      0.0100453              1
1              2        3.18279      0.0330188              1
1              3         3.1428      0.0411335              1
1              4      0.0190158       0.016441              1
1              5      0.0169899      0.0246477              1
1              6        3.15067      0.0107775              1
1              7        3.17689      0.0448769              1
1              8      0.0350803      0.0334597              1
1              9      0.0315101       0.035821              1
1             10         3.1426      0.0303416              1
1             11        3.18731      0.0126919              1
1             12      0.0155523     0.00669097              1
1             13      0.0499929      0.0297063              1
1             14        3.17898      0.0125331              1
1             15        3.15482     0.00878796              1
2              0        3.15167      0.0320317              1
2              1      0.0262596       0.035378              1
2              2      0.0310481      0.0270751              1
2              3        3.18394      0.0445976              1
2              4        3.15781      0.0127778              1
2              5      0.0307496     0.00900144              1
2              6      0.0328511      0.0435909              1
2              7        3.15732      0.0448694              1
2              8        3.19021       0.008971              1
2              9      0.0351717     0.00907048              1
2             10      0.0314106      0.0081004              1
2             11        3.17044      0.0430964              1
2             12        3.15894      0.0101853              1
2             13      0.0349642     0.00178664              1
2             14      0.0311223      0.0177661              1
2             15        3.16602      0.0247194              1
3              0          3.157      0.0231538              1
3              1        3.14849     0.00503355              1
3              2      0.0207218      0.0128145              1
3              3      0.0212483      0.0432636              1
3              4        3.18788     0.00779182              1
3              5         3.1833      0.0172971              1
3              6     0.00807885      0.0271106              1
3              7      0.0351961      0.0357111              1
3              8         3.1438      0.0385299              1
3              9        3.17125      0.0278241              1
3             10      0.0373918      0.0123507              1
3             11      0.0367046      0.0465874              1
3             12        3.19072      0.0410964              1
3             13        3.15312      0.0341758              1
3             14     0.00508375      0.0141811              1
3             15      0.0295807      0.0349569              1
4              0      0.0412327      0.0287967              1
4              1        3.16733      0.0131355              1
4              2        3.16891      0.0121712              1
4              3      0.0156212      0.0306066              1
4              4     0.00168928      0.0073126              1
4              5        3.18944      0.0388697              1
4              6        3.19066      0.0482514              1
4              7      0.0396508      0.0256657              1
4              8      0.0191637      0.0226934              1
4              9        3.15737       0.044827              1
4             10        3.15539      0.0100365              1
4             11      0.0461055      0.0303772              1
4             12      0.0238352      0.0237724              1
4             13        3.15017     0.00068681              1
4             14        3.14552      0.0390705              1
4             15     0.00770684      0.0264387              1
5              0      0.0285367      0.0471882              1
5              1      0.0317431      0.0106727              1
5              2        3.14186      0.0303137              1
5              3        3.18276      0.0139072              1
5              4      0.0420776      0.0149549              1
5              5      0.0492893      0.0290746              1
5              6        3.16947     0.00550219              1
5              7        3.15538      0.0468753              1
5              8     0.00952624      0.0134709              1
5              9      0.0479029      0.0121142              1
5             10        3.19099      0.0404085              1
5             11        3.14416      0.0482707              1
5             12      0.0437129      0.0385354              1
5             13      0.0478609    0.000352084              1
5             14        3.14999      0.0372834              1
5             15        3.17868      0.0183227              1
6              0        3.18624      0.0214499              1
6              1      0.0302117      0.0343943              1
6              2      0.0290928      0.0251915              1
6              3        3.14856     0.00671119              1
6              4        3.14382      0.0412274              1
6              5     0.00441589      0.0244909              1
6              6     0.00521468     0.00453396              1
6              7        3.16953     0.00497035              1
6              8        3.18318      0.0356805              1
6              9      0.0259831     0.00404959              1
6             10      0.0154173      0.0146781              1
6             11        3.15367      0.0138364              1
6             12        3.14222      0.0148706              1
6             13     0.00375076       0.025764              1
6             14      0.0482394      0.0178988              1
6             15        3.14161      0.0214569              1
7              0         3.1631     0.00212567              1
7              1        3.18384      0.0417338              1
7              2      0.0370886      0.0474712              1
7              3      0.0478711      0.0405904              1
7              4        3.16797       0.017992              1
7              5        3.19033       0.022062              1
7              6      0.0111354      0.0324139              1
7              7     0.00773058      0.0177811              1
7              8        3.16609      0.0108772              1
7              9        3.17181      0.0279175              1
7             10     0.00880375      0.0145362              1
7             11       0.027563      0.0488216              1
7             12        3.18715      0.0413033              1
7             13        3.14782       0.047969              1
7             14      0.0219699     0.00263631              1
7             15      0.0364509     0.00237261              1
8              0      0.0161779      0.0236805              1
8              1        3.18945      0.0245882              1
8              2        3.18813       0.028063              1
8              3      0.0269387      0.0208383              1
8              4       0.017407       0.038636              1
8              5         3.1886      0.0138096              1
8              6        3.19011      0.0471732              1
8              7      0.0473557      0.0243476              1
8              8      0.0342683      0.0285572              1
8              9        3.15532      0.0278302              1
8             10         3.1627     0.00808601              1
8             11     0.00541426      0.0315014              1
8             12     0.00666962       0.023999              1
8             13        3.19037      0.0150902              1
8             14        3.17036      0.0016228              1
8             15      0.0193302      0.0231555              1
9              0      0.0241754      0.0461966              1
9              1      0.0282925     0.00116735              1
9              2        3.17791      0.0122185              1
9              3        3.15205      0.0491774              1
9              4     0.00314897      0.0480759              1
9              5      0.0184775     0.00941146              1
9              6        3.15633     0.00984528              1
9              7        3.18251      0.0100189              1
9              8      0.0213895      0.0124025              1
9              9      0.0317181     0.00142981              1
9             10        3.18982      0.0421379              1
9             11        3.17817      0.0366195              1
9             12      0.0122663      0.0408833              1
9             13      0.0365465     0.00991657              1
9             14        3.17047      0.0156256              1
9             15        3.16235      0.0455326              1
10              0         3.1572      0.0161466              1
10              1      0.0402345      0.0221912              1
10              2      0.0415739       0.024794              1
10              3        3.19015      0.0389149              1
10              4        3.15576      0.0466873              1
10              5      0.0136865      0.0385819              1
10              6       0.015451      0.0137541              1
10              7        3.16149      0.0150148              1
10              8        3.16563     0.00808227              1
10              9      0.0161544      0.0220328              1
10             10      0.0313228      0.0173609              1
10             11        3.15437      0.0472018              1
10             12        3.15912      0.0339889              1
10             13      0.0343784      0.0293861              1
10             14      0.0106082      0.0349487              1
10             15        3.16476     0.00650835              1
11              0        3.18478      0.0257606              1
11              1         3.1527      0.0342708              1
11              2      0.0463122       0.023757              1
11              3       0.033746      0.0404287              1
11              4        3.17246      0.0357289              1
11              5         3.1771      0.0391077              1
11              6       0.042612      0.0116083              1
11              7      0.0324416       0.016354              1
11              8        3.19086      0.0209606              1
11              9        3.18603      0.0281034              1
11             10      0.0392882     0.00063195              1
11             11       0.044676      0.0478047              1
11             12        3.16347     0.00719531              1
11             13        3.15624      0.0423118              1
11             14     0.00239398      0.0430156              1
11             15      0.0131557      0.0314614              1
12              0      0.0467123     0.00355993              1
12              1        3.16878     0.00630481              1
12              2        3.17221      0.0317368              1
12              3      0.0113381     0.00631902              1
12              4      0.0483628      0.0469709              1
12              5        3.15647      0.0463676              1
12              6        3.16676     0.00157836              1
12              7      0.0111007      0.0208856              1
12              8      0.0355272    0.000869962              1
12              9        3.16288      0.0496399              1
12             10        3.18009      0.0453377              1
12             11     0.00612624      0.0475894              1
12             12     0.00537687      0.0370943              1
12             13        3.16846      0.0381325              1
12             14        3.17006      0.0164452              1
12             15      0.0455174      0.0183662              1
13              0      0.0100966      0.0031585              1
13              1      0.0259855      0.0499858              1
13              2        3.15504       0.024373              1
13              3        3.14885       0.045344              1
13              4      0.0264713     0.00502299              1
13              5    0.000207327      0.0456371              1
13              6        3.14282      0.0180059              1
13              7        3.18782      0.0428078              1
13              8      0.0165493      0.0371437              1
13              9      0.0319437      0.0175201              1
13             10         3.1549       0.039278              1
13             11        3.14871      0.0280911              1
13             12      0.0296202       0.040084              1
13             13     0.00126626     0.00422718              1
13             14        3.14802      0.0421255              1
13             15        3.19142      0.0221815              1
14              0        3.15611      0.0122544              1
14              1      0.0404438      0.0131326              1
14              2      0.0439021      0.0111256              1
14              3        3.15303      0.0346732              1
14              4         3.1719      0.0317734              1
14              5     0.00966088      0.0346179              1
14              6      0.0130926     0.00201313              1
14              7        3.17124      0.0254193              1
14              8        3.15134      0.0279523              1
14              9      0.0312346      0.0390429              1
14             10      0.0427367     0.00667759              1
14             11        3.16043     0.00915364              1
14             12        3.15044      0.0193282              1
14             13      0.0380582      0.0108344              1
14             14      0.0400772    1.72331e-05              1
14             15        3.18133      0.0303424              1
15              0        3.17556      0.0293113              1
15              1        3.14375     0.00315261              1
15              2      0.0250923      0.0323588              1
15              3      0.0293789      0.0432891              1
15              4         3.1727    0.000482604              1
15              5        3.14427      0.0442777              1
15              6     0.00575808      0.0386137              1
15              7       0.040678     0.00387006              1
15              8        3.14275      0.0130634              1
15              9        3.15956      0.0397787              1
15             10      0.0117373      0.0339466              1
15             11      0.0012979      0.0461702              1
15             12        3.16554      0.0384109              1
15             13        3.14672     0.00178611              1
15             14      0.0334785       0.020859              1
15             15       0.019813      0.0181992              1
