#x              y     Theta(x,y)       Phi(x,y)Moment_Size(x,y)
0              0      0.0300642      0.0456852              1
0              1        3.15258      0.0345932              1
0              2         3.1538      0.0272213              1
0              3       0.025221      0.0218114              1
0              4      0.0498413      0.0454028              1
0              5        3.17621       0.033877              1
0              6         3.1681      0.0104952              1
0              7      0.0126409      0.0013798              1
0              8      0.0475414      0.0290426              1
0              9         3.1778       0.015649              1
0             10        3.16576      0.0101336              1
0             11      0.0482721      0.0232999              1
0             12      0.0321129      0.0173852              1
0             13        3.14599      0.0024528              1
0             14        3.14767      0.0310962              1
0             15     0.00108204      0.0297797              1
1              0      0.0133366      0.0303683              1
1              1     0.00233184      0.0301893              1
1              2        3.18728     0.00471461              1
1              3        3.14984     0.00497575              1
1              4      0.0243527      0.0486784              1
1              5      0.0343345      0.0461711              1
1              6        3.18881     0.00554962              1
1              7        3.14438      0.0442258              1
1              8      0.0226405       0.021106              1
1              9      0.0219097      0.0433125              1
1             10        3.15568       0.044995              1
1             11         3.1794       0.029342              1
1             12      0.0447896      0.0171604              1
1             13      0.0319495       0.024174              1
1             14        3.18375       0.049869              1
1             15        3.18788    9.16139e-05              1
2              0         3.1434       0.037659              1
2              1       0.026134      0.0116306              1
2              2       0.037561      0.0333358              1
2              3         3.1682       0.048167              1
2              4        3.18514      0.0335536              1
2              5      0.0447809      0.0110693              1
2              6      0.0367925      0.0221122              1
2              7        3.14197      0.0233299              1
2              8        3.17733      0.0275439              1
2              9    0.000198477      0.0350945              1
2             10      0.0344979     0.00241948              1
2             11        3.16757      0.0453583              1
2             12        3.16152      0.0476375              1
2             13      0.0256043      0.0158226              1
2             14       0.043483      0.0479822              1
2             15         3.1525      0.0433296              1
3              0        3.16455       0.045285              1
3              1         3.1876      0.0199319              1
3              2      0.0180722      0.0456295              1
3              3      0.0288929      0.0325665              1
3              4         3.1578      0.0207748              1
3              5        3.14862      0.0190848              1
3              6      0.0369897      0.0224639              1
3              7      0.0152149       0.025953              1
3              8        3.15645       0.012714              1
3              9        3.17325     0.00868955              1
3             10     0.00180157     0.00579213              1
3             11      0.0484724      0.0345496              1
3             12        3.15915     0.00895022              1
3             13        3.15633      0.0264635              1
3             14      0.0410926      0.0235957              1
3             15      0.0019816      0.0347209              1
4              0      0.0156718      0.0187777              1
4              1        3.15022      0.0350441              1
4              2        3.18924      0.0202158              1
4              3     0.00658458     0.00748848              1
4              4      0.0209161      0.0300404              1
4              5        3.15421      0.0257014              1
4              6        3.15968      0.0455423              1
4              7      0.0214504      0.0268054              1
4              8      0.0159664      0.0285394              1
4              9        3.17008       0.048941              1
4             10        3.16471     0.00188251              1
4             11      0.0391436      0.0248633              1
4             12      0.0142154     0.00463135              1
4             13        3.18659       0.026294              1
4             14        3.16948       0.014555              1
4             15      0.0133108      0.0395121              1
5              0     0.00693912      0.0462164              1
5              1      0.0480936      0.0201612              1
5              2        3.18348      0.0351477              1
5              3        3.16291      0.0475292              1
5              4      0.0443904      0.0210621              1
5              5      0.0327965      0.0317072              1
5              6        3.15717     0.00437668              1
5              7        3.19116      0.0149294              1
5              8      0.0393361      0.0433537              1
5              9      0.0336763      0.0234423              1
5             10        3.18494      0.0376507              1
5             11        3.18955      0.0241409              1
5             12     0.00383452       0.012153              1
5             13     0.00557504         0.0303              1
5             14        3.17689      0.0253038              1
5             15        3.15705       0.048513              1
6              0        3.15997     0.00598598              1
6              1      0.0256184      0.0139508              1
6              2      0.0470684     0.00345908              1
6              3        3.18876     0.00492208              1
6              4        3.18209      0.0137986              1
6              5     2.2989e-05     0.00135599              1
6              6     0.00244721     0.00408802              1
6              7        3.18841       0.048604              1
6              8        3.18293       0.010792              1
6              9       0.043304      0.0350844              1
6             10    0.000387825      0.0446892              1
6             11        3.16981     0.00202069              1
6             12        3.17894      0.0019147              1
6             13     0.00638133       0.047145              1
6             14     0.00225132      0.0303535              1
6             15        3.17742      0.0367677              1
7              0        3.18754      0.0301746              1
7              1        3.15673     0.00856321              1
7              2      0.0460485      0.0218134              1
7              3      0.0393466      0.0442193              1
7              4        3.17793      0.0462653              1
7              5        3.16997      0.0224139              1
7              6      0.0137037       0.030403              1
7              7      0.0252924      0.0207237              1
7              8        3.15633      0.0246304              1
7              9        3.17647      0.0424686              1
7             10      0.0479757      0.0156086              1
7             11      0.0353293      0.0327178              1
7             12          3.189      0.0180651              1
7             13        3.15041      0.0279777              1
7             14     0.00950007      0.0071783              1
7             15       0.041077      0.0109484              1
8              0      0.0448763      0.0244872              1
8              1        3.15881      0.0133175              1
8              2        3.14275       0.026881              1
8              3       0.031584      0.0163277              1
8              4     0.00793669      0.0149945              1
8              5        3.15731      0.0205545              1
8              6        3.14864     0.00735483              1
8              7      0.0151862      0.0428067              1
8              8      0.0201372      0.0377395              1
8              9        3.14997      0.0120006              1
8             10        3.17916      0.0320515              1
8             11      0.0175138    0.000278972              1
8             12      0.0144797      0.0108916              1
8             13        3.17763      0.0489391              1
8             14        3.18594      0.0336385              1
8             15      0.0242065      0.0224205              1
9              0      0.0109669      0.0444731              1
9              1      0.0162522      0.0284478              1
9              2        3.18425      0.0301119              1
9              3        3.15148      0.0385997              1
9              4      0.0396786     0.00569243              1
9              5      0.0167059      0.0400659              1
9              6        3.16858      0.0412427              1
9              7        3.14936      0.0417811              1
9              8      0.0248396      0.0300252              1
9              9      0.0106187     0.00807354              1
9             10        3.14225      0.0446334              1
9             11        3.16657      0.0313863              1
9             12      0.0035733       0.013636              1
9             13      0.0256834      0.0207623              1
9             14        3.14726     0.00132711              1
9             15        3.14491      0.0161643              1
10              0        3.17006      0.0353001              1
10              1      0.0311072      0.0272761              1
10              2       0.025997      0.0242296              1
10              3        3.15801      0.0215535              1
10              4        3.18784      0.0365727              1
10              5     0.00667259      0.0115682              1
10              6      0.0394445      0.0192724              1
10              7        3.16334       0.038615              1
10              8        3.18278       0.032307              1
10              9     0.00931623      0.0470227              1
10             10      0.0184066      0.0311435              1
10             11        3.14558      0.0435278              1
10             12        3.18766      0.0204513              1
10             13     0.00958806      0.0349601              1
10             14     0.00244548       0.025373              1
10             15        3.16311      0.0350089              1
11              0        3.18228     0.00309483              1
11              1        3.17312     0.00965469              1
11              2       0.019482      0.0139453              1
11              3      0.0404219      0.0136876              1
11              4        3.16903      0.0372729              1
11              5        3.18936      0.0470434              1
11              6      0.0333332      0.0156687              1
11              7       0.031057     0.00514781              1
11              8        3.18633      0.0395415              1
11              9        3.18067     0.00282584              1
11             10      0.0359212      0.0489635              1
11             11      0.0168122      0.0239233              1
11             12        3.15758      0.0146905              1
11             13         3.1661      0.0248147              1
11             14      0.0448014      0.0315456              1
11             15      0.0457952      0.0345049              1
12              0      0.0138788      0.0205025              1
12              1        3.17454      0.0173058              1
12              2         3.1858      0.0484902              1
12              3      0.0396425      0.0473982              1
12              4      0.0316165      0.0417071              1
12              5        3.14406      0.0461582              1
12              6        3.17076      0.0127882              1
12              7      0.0125724      0.0275069              1
12              8      0.0272744      0.0331392              1
12              9         3.1913      0.0435679              1
12             10        3.18728     0.00823424              1
12             11      0.0334808       0.049782              1
12             12      0.0392491      0.0457215              1
12             13        3.18083      0.0478331              1
12             14        3.16804      0.0349521              1
12             15     0.00689944      0.0344511              1
13              0        0.01126      0.0173941              1
13              1      0.0225263      0.0221758              1
13              2        3.16986      0.0378329              1
13              3        3.15286      0.0400634              1
13              4      0.0377288      0.0100954              1
13              5      0.0164434      0.0256073              1
13              6        3.18157     0.00489833              1
13              7         3.1807      0.0183398              1
13              8      0.0421299      0.0321536              1
13              9      0.0359427      0.0438068              1
13             10        3.16383     0.00801159              1
13             11         3.1466      0.0459176              1
13             12      0.0173665      0.0269806              1
13             13      0.0446118      0.0490002              1
13             14        3.15452       0.040699              1
13             15        3.17547      0.0207611              1
14              0        3.15015      0.0362215              1
14              1     0.00602373      0.0255284              1
14              2      0.0339025      0.0110768              1
14              3        3.17447      0.0351277              1
14              4        3.18611      0.0167867              1
14              5     0.00160602      0.0169504              1
14              6      0.0375464      0.0414353              1
14              7        3.18315      0.0406299              1
14              8        3.18451     0.00399174              1
14              9      0.0406374      0.0266494              1
14             10      0.0316759      0.0141312              1
14             11        3.15698      0.0358946              1
14             12        3.18077      0.0323801              1
14             13      0.0271592       0.045356              1
14             14      0.0191184      0.0128522              1
14             15        3.15699        0.03521              1
15              0        3.15793       0.015383              1
15              1        3.18943      0.0450654              1
15              2       0.042468      0.0493672              1
15              3       0.014723      0.0323625              1
15              4        3.18886       0.037521              1
15              5         3.1545      0.0486554              1
15              6        0.02779     0.00244889              1
15              7     0.00541162      0.0423431              1
15              8        3.17833      0.0327135              1
15              9        3.18014      0.0440699              1
15             10      0.0100685      0.0186473              1
15             11      0.0215127      0.0205174              1
15             12        3.15985      0.0416113              1
15             13        3.17745      0.0253298              1
15             14    0.000357793      0.0138976              1
15             15      0.0431991     0.00990467              1
