#x              y     Theta(x,y)       Phi(x,y)Moment_Size(x,y)
0              0      0.0279383     0.00978819              1
0              1        3.15407      0.0227027              1
0              2        3.16559      0.0387718              1
0              3      0.0191352      0.0309362              1
0              4      0.0313597      0.0423526              1
0              5        3.15725      0.0204076              1
0              6        3.15821      0.0220212              1
0              7      0.0292855     0.00231707              1
0              8     0.00973901      0.0166236              1
0              9        3.14617    0.000257169              1
0             10        3.18299      0.0247035              1
0             11      0.0469294      0.0358395              1
0             12      0.0230078      0.0202944              1
0             13        3.18626      0.0270277              1
0             14        3.17497      0.0176259              1
0             15      0.0427554     0.00625238              1
1              0      0.0295121      0.0173184              1
1              1      0.0319867      0.0444524              1
1              2        3.16151      0.0289234              1
1              3        3.18516     0.00280757              1
1              4      0.0020981     0.00660198              1
1              5      0.0346376    0.000800062              1
1              6        3.18405    4.16939e-05              1
1              7        3.18414      0.0310004              1
1              8     0.00841602     0.00333935              1
1              9      0.0488737      0.0229682              1
1             10        3.15862      0.0191166              1
1             11        3.18138      0.0311272              1
1             12      0.0136546      0.0361879              1
1             13      0.0378128     0.00149111              1
1             14        3.15981      0.0471243              1
1             15        3.18534      0.0128684              1
2              0        3.16958      0.0180651              1
2              1      0.0371883     0.00462362              1
2              2      0.0212277      0.0494916              1
2              3        3.14239     0.00602657              1
2              4        3.16214     0.00797633              1
2              5     0.00373705     0.00415432              1
2              6      0.0464326      0.0102433              1
2              7        3.16084      0.0218526              1
2              8        3.18087      0.0106257              1
2              9      0.0367233      0.0152042              1
2             10      0.0149845       0.028445              1
2             11        3.14824      0.0274198              1
2             12        3.18475      0.0494447              1
2             13      0.0298128      0.0404663              1
2             14       0.027719      0.0142696              1
2             15        3.16335      0.0349514              1
3              0        3.17845      0.0211329              1
3              1        3.18651       0.021644              1
3              2      0.0444042      0.0163751              1
3              3     0.00444608      0.0397966              1
3              4        3.16605       0.011496              1
3              5        3.15301      0.0319726              1
3              6      0.0122188     0.00143233              1
3              7      0.0449557      0.0329093              1
3              8        3.17186      0.0151824              1
3              9        3.18929      0.0107432              1
3             10      0.0409715      0.0374928              1
3             11      0.0472882      0.0265436              1
3             12        3.14318    0.000259772              1
3             13        3.18732      0.0182595              1
3             14      0.0270385      0.0105319              1
3             15      0.0111258      0.0256858              1
4              0      0.0352362     0.00830678              1
4              1        3.19014      0.0319085              1
4              2        3.14745      0.0132444              1
4              3     0.00199737      0.0256761              1
4              4      0.0436717     0.00559341              1
4              5        3.17004      0.0260397              1
4              6        3.14172     0.00430283              1
4              7     0.00218424      0.0165461              1
4              8      0.0226824      0.0234495              1
4              9        3.15227      0.0097007              1
4             10        3.15123      0.0106951              1
4             11      0.0276873     0.00127544              1
4             12     0.00474978      0.0202461              1
4             13        3.17365     0.00091431              1
4             14        3.16039      0.0472914              1
4             15      0.0341111     0.00271043              1
5              0       0.005629      0.0295648              1
5              1      0.0325599       0.032259              1
5              2        3.15057      0.0312491              1
5              3        3.15716      0.0247992              1
5              4      0.0106963     0.00317108              1
5              5      0.0170922      0.0143098              1
5              6        3.17675      0.0394062              1
5              7        3.16583      0.0459128              1
5              8      0.0303323      0.0376131              1
5              9      0.0440019      0.0284398              1
5             10        3.14933      0.0380816              1
5             11        3.17766     0.00770644              1
5             12      0.0058424      0.0247064              1
5             13      0.0124176      0.0275372              1
5             14        3.17767       0.048181              1
5             15        3.15799      0.0150768              1
6              0           3.17      0.0456537              1
6              1      0.0197163      0.0291444              1
6              2      0.0296999     0.00964118              1
6              3        3.14467      0.0235953              1
6              4        3.17754     0.00159952              1
6              5     0.00862115      0.0227931              1
6              6      0.0363446      0.0287558              1
6              7        3.18112      0.0134214              1
6              8        3.17197      0.0299387              1
6              9      0.0258127      0.0208396              1
6             10      0.0372725        0.03404              1
6             11        3.15768      0.0210281              1
6             12        3.18757      0.0269502              1
6             13     0.00789694      0.0332439              1
6             14      0.0430039      0.0159987              1
6             15        3.16557     0.00553084              1
7              0        3.15465     0.00102183              1
7              1        3.18841      0.0305115              1
7              2      0.0243167       0.025466              1
7              3      0.0177359      0.0290859              1
7              4        3.15903     0.00156175              1
7              5        3.17316       0.046841              1
7              6      0.0319943     0.00454602              1
7              7     0.00320447     0.00783712              1
7              8         3.1472    0.000355969              1
7              9        3.15914      0.0316992              1
7             10      0.0101276      0.0413061              1
7             11      0.0452857      0.0321734              1
7             12        3.18448      0.0441282              1
7             13        3.18338       0.035515              1
7             14      0.0112656      0.0460185              1
7             15      0.0284477      0.0363639              1
8              0      0.0142282      0.0396248              1
8              1        3.18076      0.0494411              1
8              2        3.14741      0.0266681              1
8              3      0.0138129      0.0216307              1
8              4      0.0231513        0.01634              1
8              5        3.16684      0.0262779              1
8              6        3.18219      0.0151517              1
8              7      0.0217873      0.0432822              1
8              8      0.0272148      0.0445753              1
8              9        3.16561      0.0163291              1
8             10        3.17666      0.0484066              1
8             11     0.00479506      0.0190448              1
8             12      0.0192129      0.0411315              1
8             13        3.14275      0.0250805              1
8             14        3.18507      0.0313662              1
8             15       0.016938      0.0454704              1
9              0      0.0489186       0.024678              1
9              1      0.0166324      0.0431835              1
9              2        3.16652      0.0426745              1
9              3        3.14194      0.0363994              1
9              4      0.0453176     0.00910897              1
9              5      0.0192613      0.0307979              1
9              6        3.17974      0.0235113              1
9              7         3.1533      0.0148764              1
9              8      0.0331505      0.0477388              1
9              9     0.00525625       0.039592              1
9             10        3.18332      0.0477342              1
9             11        3.15411      0.0407863              1
9             12      0.0448049       0.015342              1
9             13       0.017759     0.00790465              1
9             14        3.16767      0.0182901              1
9             15        3.16929      0.0161405              1
10              0        3.16062      0.0107229              1
10              1     0.00488738      0.0455695              1
10              2      0.0313491      0.0257545              1
10              3        3.14291      0.0493798              1
10              4        3.18736      0.0184737              1
10              5      0.0230217     0.00390446              1
10              6     0.00509522      0.0296425              1
10              7        3.14177      0.0111914              1
10              8        3.15466      0.0216679              1
10              9      0.0156207      0.0286077              1
10             10      0.0057626      0.0211321              1
10             11         3.1702      0.0290565              1
10             12        3.19136      0.0260914              1
10             13      0.0404345      0.0148577              1
10             14      0.0242401      0.0125491              1
10             15        3.17571      0.0361626              1
11              0        3.14318     0.00387988              1
11              1        3.16435     0.00502969              1
11              2      0.0268976      0.0265576              1
11              3    0.000775494       0.044369              1
11              4         3.1651     0.00301405              1
11              5        3.14265      0.0377763              1
11              6      0.0419476      0.0180862              1
11              7       0.026013      0.0390727              1
11              8        3.17502      0.0319398              1
11              9        3.14479       0.029041              1
11             10      0.0468147      0.0131599              1
11             11      0.0285563      0.0100072              1
11             12        3.19049      0.0410796              1
11             13        3.15526      0.0302162              1
11             14      0.0188444      0.0291242              1
11             15      0.0100993      0.0423446              1
12              0        0.04072       0.012755              1
12              1        3.16203      0.0251418              1
12              2        3.15709      0.0292375              1
12              3      0.0363913      0.0496146              1
12              4      0.0433343      0.0075282              1
12              5        3.15127      0.0129437              1
12              6        3.14861      0.0273116              1
12              7     0.00740776      0.0443191              1
12              8      0.0165964      0.0214281              1
12              9        3.16319      0.0440065              1
12             10        3.19111      0.0254991              1
12             11      0.0107459       0.019233              1
12             12      0.0231453      0.0294401              1
12             13        3.14735      0.0355591              1
12             14         3.1892      0.0269365              1
12             15      0.0248182      0.0398722              1
13              0      0.0174317      0.0182122              1
13              1      0.0229893      0.0215955              1
13              2        3.18522      0.0492562              1
13              3        3.16658       0.049492              1
13              4      0.0343356      0.0183305              1
13              5     0.00844199     0.00655044              1
13              6        3.16763      0.0470277              1
13              7        3.18266      0.0178217              1
13              8      0.0080654     0.00776822              1
13              9      0.0298499    0.000908115              1
13             10        3.15452      0.0207613              1
13             11         3.1775    0.000607977              1
13             12      0.0410917       0.046737              1
13             13      0.0350244      0.0473922              1
13             14        3.15702     0.00903301              1
13             15        3.16658      0.0159635              1
14              0        3.17421       0.027219              1
14              1      0.0478939      0.0449517              1
14              2      0.0486546      0.0364781              1
14              3        3.16707      0.0119566              1
14              4        3.18487      0.0186754              1
14              5      0.0374141    0.000535533              1
14              6      0.0253568      0.0311555              1
14              7        3.15758      0.0288687              1
14              8        3.18229      0.0039545              1
14              9      0.0369075      0.0412624              1
14             10      0.0158941      0.0494543              1
14             11        3.15569      0.0359659              1
14             12        3.16558     0.00251586              1
14             13       0.021773       0.036821              1
14             14       0.044429       0.014333              1
14             15        3.19031      0.0271551              1
15              0         3.1431       0.031643              1
15              1        3.18006     0.00912138              1
15              2      0.0157154      0.0310105              1
15              3      0.0124378      0.0384375              1
15              4        3.17537      0.0376802              1
15              5        3.18013       0.047201              1
15              6      0.0360687       0.028271              1
15              7      0.0337944      0.0400136              1
15              8        3.17183      0.0386151              1
15              9        3.14383     0.00990733              1
15             10      0.0433108      0.0310054              1
15             11      0.0198499      0.0221028              1
15             12        3.15348      0.0221849              1
15             13        3.15527      0.0221059              1
15             14      0.0353162      0.0116032              1
15             15     0.00963568     0.00930375              1
