#x              y     Theta(x,y)       Phi(x,y)Moment_Size(x,y)
0              0     0.00669383     0.00682035              1
0              1        3.16809      0.0199185              1
0              2        3.18716      0.0288215              1
0              3      0.0236916      0.0483365              1
0              4      0.0132163       0.025211              1
0              5         3.1632      0.0148473              1
0              6        3.16983      0.0106619              1
0              7      0.0214071      0.0238506              1
0              8      0.0232929      0.0170134              1
0              9        3.18531      0.0409622              1
0             10        3.15861      0.0423813              1
0             11       0.023808     0.00272983              1
0             12      0.0251435    0.000737732              1
0             13         3.1803      0.0483451              1
0             14        3.18234      0.0118312              1
0             15     0.00218667      0.0144165              1
1              0      0.0225607     0.00105121              1
1              1     0.00951786      0.0298495              1
1              2        3.18779     0.00121973              1
1              3         3.1862      0.0340883              1
1              4      0.0246611      0.0185778              1
1              5     0.00467927      0.0163961              1
1              6          3.144      0.0355331              1
1              7        3.16818      0.0130417              1
1              8      0.0352262    0.000834302              1
1              9     0.00648259      0.0428476              1
1             10        3.19082      0.0185445              1
1             11        3.18615      0.0391536              1
1             12       0.036231      0.0372669              1
1             13     0.00807376      0.0368835              1
1             14        3.18934     0.00473233              1
1             15        3.14268      0.0284052              1
2              0        3.15914      0.0455679              1
2              1       0.044421      0.0185303              1
2              2      0.0382459      0.0374605              1
2              3        3.17355      0.0439809              1
2              4        3.16729      0.0113465              1
2              5     0.00652987      0.0181313              1
2              6      0.0315721      0.0240775              1
2              7        3.18686       0.012999              1
2              8        3.16486      0.0216098              1
2              9      0.0049036      0.0342132              1
2             10      0.0321673     0.00454449              1
2             11         3.1681      0.0262512              1
2             12         3.1622      0.0274129              1
2             13      0.0233063      0.0166861              1
2             14     0.00667867      0.0164896              1
2             15        3.16808      0.0368754              1
3              0        3.16513     0.00372125              1
3              1        3.14351      0.0141632              1
3              2      0.0381778      0.0493448              1
3              3      0.0382539     0.00215932              1
3              4        3.15573      0.0205085              1
3              5        3.18293       0.026443              1
3              6       0.030709     0.00295473              1
3              7      0.0342274      0.0316817              1
3              8        3.18457      0.0302956              1
3              9        3.15419      0.0336359              1
3             10      0.0374063     0.00769111              1
3             11      0.0198227      0.0172089              1
3             12        3.18329      0.0164448              1
3             13         3.1707      0.0233448              1
3             14     0.00525096      0.0379345              1
3             15      0.0212491     0.00385167              1
4              0      0.0284924      0.0317616              1
4              1        3.18586      0.0130887              1
4              2        3.16982      0.0242779              1
4              3      0.0433348      0.0134181              1
4              4     0.00624277       0.040509              1
4              5         3.1432      0.0470673              1
4              6        3.16209      0.0376051              1
4              7      0.0457723      0.0477559              1
4              8      0.0165898      0.0329113              1
4              9        3.14722      0.0350721              1
4             10        3.16555      0.0309109              1
4             11     0.00666317      0.0357411              1
4             12      0.0328225      0.0496284              1
4             13         3.1864     0.00456373              1
4             14        3.17588      0.0198048              1
4             15      0.0459621      0.0199378              1
5              0     0.00447266      0.0278089              1
5              1      0.0260243    0.000976065              1
5              2         3.1539      0.0480716              1
5              3         3.1893     0.00350926              1
5              4      0.0428043      0.0435496              1
5              5      0.0105155       0.016145              1
5              6        3.14685      0.0352621              1
5              7        3.18086      0.0351342              1
5              8     0.00306508      0.0287851              1
5              9    0.000644434      0.0050559              1
5             10        3.19117      0.0402406              1
5             11        3.16304       0.047038              1
5             12      0.0199045      0.0281309              1
5             13      0.0161126       0.027754              1
5             14        3.14691      0.0494637              1
5             15        3.16553      0.0446326              1
6              0        3.18108      0.0110817              1
6              1      0.0253344       0.049946              1
6              2      0.0330476      0.0270604              1
6              3        3.15598      0.0205121              1
6              4        3.14437      0.0235802              1
6              5      0.0264276      0.0462975              1
6              6     0.00423133     0.00318006              1
6              7        3.16057       0.023947              1
6              8        3.18194       0.045753              1
6              9       0.046244      0.0239748              1
6             10      0.0332374      0.0452658              1
6             11        3.15469      0.0250479              1
6             12        3.15132     0.00858638              1
6             13      0.0392333      0.0349371              1
6             14      0.0112092       0.034857              1
6             15        3.16445      0.0217752              1
7              0        3.16253      0.0124889              1
7              1        3.17203      0.0465169              1
7              2      0.0298529      0.0286039              1
7              3       0.035897      0.0324173              1
7              4        3.17716        0.00113              1
7              5        3.17052      0.0257964              1
7              6     0.00927616      0.0418168              1
7              7       0.019076      0.0315174              1
7              8        3.18888      0.0372946              1
7              9        3.15164      0.0184518              1
7             10      0.0438508      0.0215476              1
7             11      0.0494659      0.0308836              1
7             12        3.16566      0.0106382              1
7             13        3.17621      0.0356678              1
7             14      0.0239749      0.0115339              1
7             15      0.0114869      0.0257721              1
8              0      0.0145932      0.0401618              1
8              1        3.18521     0.00810341              1
8              2          3.176      0.0360378              1
8              3      0.0295479     0.00471245              1
8              4       0.044142       0.032911              1
8              5        3.16032      0.0136034              1
8              6        3.17112      0.0445609              1
8              7      0.0327967      0.0494905              1
8              8     0.00380561      0.0203943              1
8              9        3.18738      0.0392302              1
8             10        3.17177       0.044687              1
8             11      0.0127721      0.0489728              1
8             12    0.000637635      0.0185417              1
8             13        3.16907      0.0439952              1
8             14        3.16513      0.0255962              1
8             15      0.0287251     0.00412507              1
9              0      0.0237297       0.013497              1
9              1      0.0397854      0.0247156              1
9              2        3.16457      0.0318016              1
9              3        3.14665       0.011609              1
9              4      0.0361481      0.0184853              1
9              5      0.0221744      0.0315957              1
9              6        3.18916     0.00101586              1
9              7        3.16023      0.0383439              1
9              8      0.0403181       0.018086              1
9              9       0.012182        0.03558              1
9             10         3.1515      0.0496065              1
9             11        3.16191      0.0345454              1
9             12      0.0338896       0.048222              1
9             13      0.0177577      0.0267296              1
9             14        3.19108      0.0313183              1
9             15        3.15876      0.0148334              1
10              0        3.15589      0.0374495              1
10              1      0.0275393      0.0364419              1
10              2      0.0387339      0.0448452              1
10              3        3.17663      0.0176781              1
10              4        3.14398      0.0256605              1
10              5       0.024254      0.0454013              1
10              6      0.0303477      0.0250254              1
10              7        3.14891      0.0285608              1
10              8        3.15743      0.0319551              1
10              9     0.00296225      0.0246032              1
10             10      0.0384061       0.049519              1
10             11        3.16864      0.0382549              1
10             12        3.16529      0.0448073              1
10             13      0.0307031      0.0479816              1
10             14      0.0384009     0.00783471              1
10             15         3.1811      0.0404868              1
11              0         3.1645      0.0153093              1
11              1        3.14229      0.0224901              1
11              2       0.033656      0.0180614              1
11              3      0.0248459      0.0332575              1
11              4         3.1723      0.0183014              1
11              5        3.17352      0.0290341              1
11              6      0.0211627      0.0369804              1
11              7      0.0116625      0.0143408              1
11              8        3.17336      0.0352278              1
11              9        3.17504      0.0191139              1
11             10      0.0364106       0.023578              1
11             11     0.00783426       0.035153              1
11             12        3.16327      0.0322333              1
11             13        3.16301      0.0279191              1
11             14      0.0402368     0.00965505              1
11             15      0.0312309      0.0333693              1
12              0       0.016088      0.0056587              1
12              1        3.15076      0.0028361              1
12              2        3.14216     0.00715111              1
12              3      0.0332188      0.0153989              1
12              4      0.0197362      0.0347174              1
12              5        3.16609       0.010452              1
12              6         3.1537       0.025743              1
12              7      0.0349567      0.0402375              1
12              8      0.0494927      0.0225417              1
12              9        3.15385      0.0359957              1
12             10         3.1634      0.0203793              1
12             11      0.0348598      0.0248179              1
12             12      0.0299153       0.017334              1
12             13        3.16807      0.0133591              1
12             14        3.15328      0.0145058              1
12             15      0.0120429      0.0410487              1
13              0     0.00596766     0.00345595              1
13              1     0.00959515     0.00061257              1
13              2        3.16631      0.0364348              1
13              3        3.15282      0.0401941              1
13              4     0.00898313      0.0232383              1
13              5      0.0105219      0.0243273              1
13              6        3.16694       0.023274              1
13              7        3.17787      0.0201483              1
13              8      0.0241544      0.0447159              1
13              9       0.010979      0.0348481              1
13             10        3.18916      0.0443034              1
13             11        3.15513      0.0254715              1
13             12      0.0158049      0.0043848              1
13             13      0.0366392    0.000713762              1
13             14        3.17486      0.0430251              1
13             15        3.18951      0.0198995              1
14              0        3.17633      0.0323898              1
14              1     0.00422883    3.03978e-05              1
14              2      0.0390318      0.0135425              1
14              3         3.1786     0.00758921              1
14              4        3.17127      0.0229711              1
14              5      0.0437155      0.0456501              1
14              6      0.0224762     0.00714774              1
14              7        3.15173     0.00702884              1
14              8        3.19048      0.0199735              1
14              9       0.025059      0.0100076              1
14             10      0.0177739      0.0379157              1
14             11        3.14933      0.0185771              1
14             12        3.15843      0.0268112              1
14             13      0.0395385       0.042122              1
14             14      0.0302167      0.0419186              1
14             15        3.15231      0.0249638              1
15              0         3.1811      0.0196262              1
15              1         3.1483       0.011552              1
15              2     0.00703468      0.0386607              1
15              3      0.0393331      0.0249548              1
15              4        3.14276       0.024114              1
15              5         3.1552      0.0226227              1
15              6      0.0291991      0.0330665              1
15              7      0.0209802     0.00925827              1
15              8        3.15239      0.0409407              1
15              9        3.18072      0.0466168              1
15             10       0.037252      0.0249976              1
15             11       0.013608     0.00414729              1
15             12        3.16492      0.0387143              1
15             13        3.14726       0.030697              1
15             14       0.022859      0.0423628              1
15             15      0.0314777      0.0246673              1
