#x              y     Theta(x,y)       Phi(x,y)Moment_Size(x,y)
0              0      0.0451802      0.0425118              1
0              1        3.19065      0.0169071              1
0              2        3.15892      0.0101123              1
0              3      0.0386327      0.0243604              1
0              4      0.0412643       0.033638              1
0              5        3.14785      0.0356043              1
0              6        3.17552     0.00985423              1
0              7      0.0343548      0.0370451              1
0              8     0.00976332      0.0293061              1
0              9        3.15921      0.0412482              1
0             10        3.16902     0.00203762              1
0             11    0.000195545      0.0185801              1
0             12     0.00941107      0.0108648              1
0             13        3.14171      0.0300913              1
0             14        3.16769      0.0128728              1
0             15      0.0423306     0.00369515              1
1              0       0.039191      0.0462659              1
1              1      0.0188059      0.0293815              1
1              2        3.18932     0.00582122              1
1              3         3.1604      0.0256693              1
1              4      0.0422571      0.0465528              1
1              5      0.0337833      0.0446282              1
1              6        3.18763      0.0417447              1
1              7        3.17136     0.00180204              1
1              8      0.0242964      0.0205566              1
1              9      0.0129763      0.0244585              1
1             10        3.14824       0.032453              1
1             11        3.14805       0.032437              1
1             12      0.0486713      0.0195178              1
1             13      0.0279099      0.0201836              1
1             14        3.18095     0.00277442              1
1             15         3.1426       0.048953              1
2              0        3.15424     0.00679429              1
2              1      0.0340401       0.026527              1
2              2     0.00147381      0.0428593              1
2              3        3.15275      0.0281552              1
2              4        3.14373     0.00727908              1
2              5      0.0216722      0.0120751              1
2              6      0.0341131      0.0207443              1
2              7         3.1631    1.22435e-05              1
2              8        3.16294      0.0165341              1
2              9     0.00309857      0.0173684              1
2             10      0.0139866     0.00967765              1
2             11        3.15107       0.017472              1
2             12        3.17949       0.023958              1
2             13      0.0202515     0.00701455              1
2             14      0.0108232      0.0355494              1
2             15         3.1894      0.0114915              1
3              0        3.15282     0.00498252              1
3              1        3.18084      0.0496534              1
3              2      0.0198071      0.0393656              1
3              3     0.00437206      0.0313679              1
3              4        3.18137      0.0180172              1
3              5        3.17035      0.0187582              1
3              6     0.00450075      0.0489911              1
3              7      0.0478334     0.00836861              1
3              8        3.14719       0.017213              1
3              9        3.17403      0.0399488              1
3             10      0.0447401     0.00728824              1
3             11      0.0220781      0.0344671              1
3             12        3.16627     0.00661091              1
3             13        3.18395      0.0436473              1
3             14     0.00550541      0.0254219              1
3             15      0.0490614      0.0432039              1
4              0     0.00110439      0.0342921              1
4              1        3.14752      0.0375497              1
4              2        3.16879     0.00705933              1
4              3      0.0187725      0.0307661              1
4              4      0.0187541      0.0373867              1
4              5        3.14316      0.0431664              1
4              6        3.17709     0.00938131              1
4              7     0.00298162      0.0334132              1
4              8      0.0267929      0.0229378              1
4              9        3.17477      0.0201291              1
4             10        3.16372      0.0122809              1
4             11      0.0449143     0.00849699              1
4             12      0.0284596      0.0407007              1
4             13        3.18935       0.032171              1
4             14        3.16965    0.000270823              1
4             15     0.00680825      0.0259807              1
5              0      0.0327042      0.0484198              1
5              1      0.0428006      0.0356949              1
5              2        3.17746      0.0081038              1
5              3        3.17841      0.0192344              1
5              4     0.00310591       0.031996              1
5              5    0.000259909      0.0461789              1
5              6        3.14352     0.00964998              1
5              7         3.1552      0.0235791              1
5              8      0.0268096      0.0125328              1
5              9      0.0137335      0.0172959              1
5             10        3.16082      0.0121958              1
5             11        3.15745      0.0269039              1
5             12       0.016235      0.0483476              1
5             13      0.0296769      0.0347857              1
5             14        3.16029      0.0445542              1
5             15        3.18608      0.0160974              1
6              0        3.18176     0.00663892              1
6              1       0.019617      0.0198389              1
6              2       0.018544      0.0469082              1
6              3        3.17319      0.0326214              1
6              4        3.14564      0.0291772              1
6              5      0.0104633      0.0203723              1
6              6      0.0435022      0.0134328              1
6              7        3.18659      0.0185148              1
6              8        3.14482      0.0345807              1
6              9      0.0244157      0.0441826              1
6             10     0.00984343      0.0376226              1
6             11        3.16351      0.0336457              1
6             12        3.18399     0.00429656              1
6             13      0.0403396      0.0160771              1
6             14      0.0233842      0.0485593              1
6             15        3.14725       0.047437              1
7              0        3.15163     0.00338122              1
7              1        3.18116     0.00845401              1
7              2      0.0131167      0.0478402              1
7              3       0.026025      0.0275611              1
7              4        3.17739      0.0356775              1
7              5        3.15319      0.0265268              1
7              6      0.0113858       0.040332              1
7              7      0.0413706      0.0297704              1
7              8        3.17527      0.0410845              1
7              9        3.17998     0.00233007              1
7             10      0.0420094     0.00125477              1
7             11      0.0379368      0.0469555              1
7             12        3.14901      0.0412276              1
7             13        3.15561      0.0428367              1
7             14      0.0126375       0.014312              1
7             15      0.0145137      0.0490342              1
8              0       0.049914      0.0282986              1
8              1        3.18215     0.00107586              1
8              2        3.15448      0.0297898              1
8              3     0.00495134      0.0491324              1
8              4      0.0393978      0.0424326              1
8              5        3.15091      0.0376634              1
8              6        3.17259    0.000874598              1
8              7      0.0155723     0.00247748              1
8              8      0.0424396      0.0400358              1
8              9        3.15543     0.00639387              1
8             10        3.17196      0.0246079              1
8             11      0.0460016       0.043486              1
8             12      0.0458123       0.029785              1
8             13        3.17464     0.00288865              1
8             14        3.14682     0.00559958              1
8             15       0.033453       0.043565              1
9              0      0.0178241      0.0191887              1
9              1     0.00754631      0.0360409              1
9              2         3.1694      0.0337466              1
9              3        3.15322      0.0471798              1
9              4      0.0274884      0.0301975              1
9              5      0.0209364      0.0182537              1
9              6         3.1765      0.0264997              1
9              7        3.18396      0.0471104              1
9              8     0.00265573      0.0250465              1
9              9      0.0448262      0.0218981              1
9             10        3.18731      0.0407669              1
9             11        3.18837      0.0278414              1
9             12      0.0224613      0.0378636              1
9             13      0.0343262      0.0253014              1
9             14        3.19017      0.0166207              1
9             15        3.14519      0.0302822              1
10              0        3.14446     0.00353119              1
10              1     0.00415835      0.0195428              1
10              2      0.0202279      0.0169528              1
10              3         3.1822     0.00686241              1
10              4        3.17258      0.0213244              1
10              5       0.012446      0.0190796              1
10              6      0.0407909      0.0362068              1
10              7        3.15076      0.0266001              1
10              8        3.18774       0.023167              1
10              9     0.00557449       0.003369              1
10             10      0.0474235      0.0315173              1
10             11         3.1431       0.021652              1
10             12         3.1492      0.0476687              1
10             13      0.0190258      0.0371457              1
10             14      0.0343945      0.0209816              1
10             15        3.16049      0.0368126              1
11              0        3.16482       0.021852              1
11              1        3.15783     0.00252314              1
11              2       0.048255      0.0156287              1
11              3       0.023928    0.000365655              1
11              4         3.1468      0.0309436              1
11              5        3.19155      0.0438898              1
11              6      0.0170316      0.0464833              1
11              7       0.037439      0.0380721              1
11              8         3.1749      0.0437805              1
11              9        3.16098      0.0233482              1
11             10      0.0456636      0.0358093              1
11             11      0.0207184      0.0185138              1
11             12        3.16584      0.0463945              1
11             13        3.16749       0.041886              1
11             14      0.0200818       0.021428              1
11             15      0.0373215      0.0104934              1
12              0      0.0388286      0.0163702              1
12              1        3.16749     0.00853349              1
12              2        3.17905      0.0351398              1
12              3      0.0173515     0.00590202              1
12              4      0.0336144      0.0358285              1
12              5        3.17574     0.00451469              1
12              6        3.14905      0.0390118              1
12              7      0.0357922      0.0297922              1
12              8     0.00528239      0.0332882              1
12              9        3.18427    0.000977889              1
12             10        3.14959     0.00800528              1
12             11      0.0277834       0.037906              1
12             12      0.0494523     0.00867773              1
12             13        3.19116     0.00799348              1
12             14        3.18455      0.0265738              1
12             15     0.00296211      0.0139169              1
13              0      0.0234042     0.00643391              1
13              1      0.0253248      0.0409492              1
13              2        3.15884      0.0247271              1
13              3        3.16771      0.0225869              1
13              4      0.0108446      0.0213701              1
13              5       0.046326      0.0214875              1
13              6        3.14481      0.0448722              1
13              7        3.16434      0.0496605              1
13              8      0.0261562      0.0230292              1
13              9      0.0176437      0.0347854              1
13             10        3.17846      0.0151268              1
13             11        3.18446      0.0170465              1
13             12    0.000131297      0.0251074              1
13             13      0.0328418      0.0340134              1
13             14        3.15145     0.00798473              1
13             15        3.17259     0.00573805              1
14              0        3.15992     0.00878066              1
14              1      0.0330188       0.035806              1
14              2      0.0320545      0.0151243              1
14              3        3.15034      0.0265621              1
14              4        3.17061      0.0210237              1
14              5      0.0355286      0.0103595              1
14              6      0.0416659      0.0146477              1
14              7         3.1901      0.0105859              1
14              8        3.18469      0.0420734              1
14              9      0.0170212      0.0427167              1
14             10      0.0373864      0.0440024              1
14             11        3.19056     0.00410951              1
14             12        3.15731      0.0240015              1
14             13      0.0334557      0.0315565              1
14             14      0.0406741      0.0407806              1
14             15        3.15277     0.00442316              1
15              0        3.16288      0.0178999              1
15              1         3.1598     0.00901469              1
15              2     0.00265125     0.00925626              1
15              3      0.0139775      0.0156284              1
15              4        3.15057     0.00906679              1
15              5        3.16744       0.047262              1
15              6     0.00307057     0.00810945              1
15              7      0.0307615      0.0449247              1
15              8        3.16996        0.04271              1
15              9         3.1786      0.0470375              1
15             10      0.0437521      0.0271715              1
15             11      0.0410951      0.0127977              1
15             12         3.1659      0.0405163              1
15             13        3.19101        0.04121              1
15             14      0.0430826     0.00158036              1
15             15      0.0473299      0.0359551              1
