#x              y     Theta(x,y)       Phi(x,y)Moment_Size(x,y)
0              0       0.025926      0.0249804              1
0              1        3.14816      0.0390043              1
0              2        3.17113     0.00782612              1
0              3      0.0262086     0.00774565              1
0              4      0.0447282      0.0205303              1
0              5        3.18325      0.0105074              1
0              6        3.18171     0.00999688              1
0              7      0.0114268      0.0422029              1
0              8      0.0450538      0.0382091              1
0              9        3.15922      0.0448087              1
0             10        3.15281      0.0438955              1
0             11      0.0180883     0.00698606              1
0             12      0.0243084      0.0452878              1
0             13        3.18512      0.0418413              1
0             14        3.18243      0.0380913              1
0             15      0.0477956      0.0381014              1
1              0      0.0437235      0.0413939              1
1              1      0.0288821     0.00182507              1
1              2        3.14817     0.00861255              1
1              3        3.14804       0.021365              1
1              4      0.0222984      0.0263845              1
1              5      0.0366536      0.0148128              1
1              6        3.17945      0.0297063              1
1              7        3.18181      0.0033802              1
1              8      0.0231069       0.023549              1
1              9     0.00876079      0.0319641              1
1             10         3.1701      0.0136828              1
1             11        3.17728     0.00434888              1
1             12      0.0392484       0.035857              1
1             13      0.0248189      0.0377925              1
1             14         3.1763      0.0177169              1
1             15        3.16794      0.0169961              1
2              0        3.15339    0.000887505              1
2              1      0.0164924     0.00932155              1
2              2      0.0423928     0.00243311              1
2              3        3.17883     0.00815931              1
2              4        3.18543      0.0198029              1
2              5      0.0241199      0.0184873              1
2              6      0.0242046      0.0174106              1
2              7        3.19003      0.0478988              1
2              8        3.17925       0.033282              1
2              9      0.0265919      0.0385232              1
2             10       0.034417      0.0176961              1
2             11        3.17004      0.0103505              1
2             12        3.15689      0.0101558              1
2             13     0.00158456      0.0498906              1
2             14      0.0355693     0.00863683              1
2             15        3.15684     0.00177988              1
3              0        3.18661     0.00734853              1
3              1        3.14674      0.0253375              1
3              2     0.00267237       0.038985              1
3              3       0.035411      0.0470039              1
3              4        3.16785      0.0209765              1
3              5        3.18001     0.00582875              1
3              6      0.0422006      0.0380378              1
3              7      0.0483137      0.0144024              1
3              8        3.15597      0.0422138              1
3              9        3.15384     0.00410899              1
3             10      0.0190167     0.00199764              1
3             11      0.0302637      0.0436455              1
3             12        3.14672     0.00311683              1
3             13        3.14667     0.00220447              1
3             14      0.0264726      0.0205411              1
3             15      0.0413893       0.044411              1
4              0       0.044032     0.00110167              1
4              1        3.18251      0.0474251              1
4              2        3.15887      0.0383573              1
4              3     0.00535167      0.0485353              1
4              4      0.0496114       0.049986              1
4              5        3.14278      0.0411261              1
4              6        3.17247      0.0478105              1
4              7     0.00563715      0.0105931              1
4              8     0.00925979      0.0449129              1
4              9        3.16041      0.0205781              1
4             10        3.15446      0.0404362              1
4             11      0.0172272      0.0200732              1
4             12      0.0467068      0.0462394              1
4             13        3.14443      0.0225765              1
4             14        3.16512       0.012114              1
4             15      0.0203634      0.0197273              1
5              0      0.0151001      0.0262935              1
5              1      0.0130527      0.0275591              1
5              2        3.16982      0.0135391              1
5              3         3.1607      0.0339478              1
5              4      0.0469502     0.00573699              1
5              5     0.00141337      0.0114367              1
5              6        3.18825      0.0430182              1
5              7        3.17988      0.0220198              1
5              8      0.0482914      0.0209913              1
5              9     0.00978481      0.0493325              1
5             10        3.17389    0.000122278              1
5             11        3.17953     0.00899481              1
5             12      0.0387277      0.0112659              1
5             13      0.0304043      0.0497312              1
5             14        3.18693     0.00658703              1
5             15        3.17573      0.0252943              1
6              0        3.15917      0.0107132              1
6              1      0.0434515      0.0050431              1
6              2      0.0398035     0.00060324              1
6              3         3.1651      0.0290522              1
6              4        3.16779      0.0296251              1
6              5      0.0246045      0.0444633              1
6              6       0.034293       0.013716              1
6              7        3.19153      0.0385015              1
6              8        3.15748      0.0330894              1
6              9     0.00744491      0.0333788              1
6             10      0.0112496      0.0224108              1
6             11        3.17681      0.0161691              1
6             12         3.1532      0.0102637              1
6             13      0.0205177      0.0205076              1
6             14      0.0376995     0.00285454              1
6             15        3.14168      0.0358271              1
7              0        3.15936      0.0160045              1
7              1        3.15819      0.0282092              1
7              2      0.0027158     0.00567253              1
7              3      0.0219174       0.022108              1
7              4        3.17746     0.00166948              1
7              5        3.15273     0.00199933              1
7              6     0.00354081      0.0103433              1
7              7     0.00882902       0.015031              1
7              8        3.17995      0.0048351              1
7              9        3.16159     0.00420127              1
7             10     0.00951717     0.00225363              1
7             11     0.00257172      0.0166716              1
7             12        3.14324     0.00885024              1
7             13        3.17666      0.0195947              1
7             14      0.0283965       0.045893              1
7             15      0.0105316      0.0359266              1
8              0      0.0300184      0.0453168              1
8              1         3.1757      0.0126134              1
8              2        3.14771      0.0135531              1
8              3      0.0288491      0.0131721              1
8              4      0.0445253      0.0212084              1
8              5        3.18334      0.0182346              1
8              6        3.16316       0.015031              1
8              7      0.0398589      0.0175935              1
8              8      0.0375769      0.0265705              1
8              9        3.14559      0.0436059              1
8             10        3.14915      0.0485812              1
8             11      0.0433191      0.0300574              1
8             12      0.0133065      0.0246952              1
8             13        3.16537      0.0317578              1
8             14        3.17207      0.0320893              1
8             15      0.0055308      0.0454296              1
9              0      0.0234575      0.0221743              1
9              1     0.00421351      0.0262898              1
9              2        3.15472      0.0246156              1
9              3        3.16273     0.00532614              1
9              4      0.0200777      0.0228211              1
9              5      0.0289352       0.036262              1
9              6        3.17159      0.0427498              1
9              7        3.17012      0.0357001              1
9              8      0.0484732       0.027577              1
9              9      0.0104101     0.00789214              1
9             10        3.14412     0.00609776              1
9             11        3.16719       0.047863              1
9             12      0.0330009      0.0335908              1
9             13      0.0303847     0.00231385              1
9             14        3.17625    0.000314508              1
9             15         3.1907      0.0351713              1
10              0        3.16146      0.0279787              1
10              1     0.00984996      0.0422173              1
10              2     0.00603076      0.0463441              1
10              3        3.16089      0.0276561              1
10              4        3.19039      0.0215104              1
10              5      0.0366744     0.00187895              1
10              6     0.00504196      0.0374689              1
10              7        3.15845      0.0111532              1
10              8        3.15851      0.0240392              1
10              9      0.0174004       0.022751              1
10             10      0.0478551      0.0167531              1
10             11         3.1445      0.0326779              1
10             12        3.18444      0.0269224              1
10             13         0.0303      0.0284653              1
10             14      0.0333535       0.017516              1
10             15        3.14286     0.00655905              1
11              0        3.16785     0.00906413              1
11              1        3.18269    5.91156e-05              1
11              2      0.0306934      0.0492435              1
11              3      0.0152997     0.00859669              1
11              4        3.16027     0.00799122              1
11              5        3.17877      0.0182747              1
11              6      0.0182485     0.00936446              1
11              7     0.00465091      0.0342497              1
11              8        3.17004      0.0123507              1
11              9        3.14432      0.0296562              1
11             10      0.0497578      0.0277482              1
11             11      0.0188873      0.0176471              1
11             12        3.18856       0.025453              1
11             13        3.14279      0.0495988              1
11             14     0.00112564      0.0006698              1
11             15      0.0156382    0.000256258              1
12              0     0.00732938      0.0252191              1
12              1        3.15162      0.0375953              1
12              2        3.17352      0.0212744              1
12              3      0.0486693      0.0120982              1
12              4      0.0204206      0.0290938              1
12              5        3.18759      0.0161576              1
12              6        3.18587      0.0164278              1
12              7      0.0311997      0.0155896              1
12              8      0.0299801      0.0283186              1
12              9        3.18337      0.0139871              1
12             10        3.17901     0.00477553              1
12             11      0.0196003     0.00693932              1
12             12       0.028855       0.017508              1
12             13        3.19154    0.000204064              1
12             14        3.14578      0.0445061              1
12             15       0.038997      0.0243133              1
13              0     0.00207859      0.0081154              1
13              1      0.0396826      0.0493507              1
13              2         3.1651      0.0483895              1
13              3        3.14825      0.0307208              1
13              4      0.0378439      0.0139064              1
13              5       0.007935      0.0301264              1
13              6        3.18387      0.0251612              1
13              7        3.16163      0.0324263              1
13              8      0.0403487      0.0385632              1
13              9      0.0326094      0.0243057              1
13             10        3.17024      0.0232675              1
13             11        3.15092      0.0120873              1
13             12     0.00220788      0.0430526              1
13             13      0.0243154      0.0401018              1
13             14        3.15724      0.0123715              1
13             15        3.14246      0.0275777              1
14              0        3.15933      0.0293244              1
14              1      0.0251777      0.0240039              1
14              2     0.00862167      0.0274741              1
14              3        3.14758      0.0268699              1
14              4        3.17747       0.014618              1
14              5      0.0495855     0.00420081              1
14              6      0.0248437      0.0350086              1
14              7        3.16519      0.0380623              1
14              8        3.18055     0.00354745              1
14              9      0.0112305      0.0441977              1
14             10      0.0252929      0.0326396              1
14             11        3.14763      0.0196319              1
14             12        3.15869     0.00911849              1
14             13     0.00496188      0.0441847              1
14             14      0.0468356      0.0284693              1
14             15        3.14465       0.023961              1
15              0        3.16361      0.0203147              1
15              1         3.1735      0.0045818              1
15              2      0.0275684      0.0418638              1
15              3      0.0188857      0.0287568              1
15              4        3.17072       0.026043              1
15              5        3.18016      0.0449497              1
15              6     0.00186467      0.0262199              1
15              7      0.0121628      0.0366279              1
15              8        3.16828     0.00289812              1
15              9         3.1721      0.0100671              1
15             10      0.0276341      0.0172857              1
15             11      0.0230527      0.0127455              1
15             12        3.15445      0.0123001              1
15             13        3.15665      0.0484162              1
15             14      0.0156093      0.0167208              1
15             15      0.0236897      0.0484476              1
