#x              y     Theta(x,y)       Phi(x,y)Moment_Size(x,y)
0              0      0.0336532     0.00192473              1
0              1        3.14439      0.0151438              1
0              2        3.15561      0.0374907              1
0              3     0.00296308      0.0235608              1
0              4      0.0274693      0.0393297              1
0              5         3.1455      0.0213341              1
0              6        3.15017      0.0326093              1
0              7      0.0472318      0.0247464              1
0              8      0.0293454      0.0349555              1
0              9        3.15957      0.0290691              1
0             10        3.17483      0.0152919              1
0             11    0.000338531      0.0239044              1
0             12      0.0361742      0.0262269              1
0             13        3.18868      0.0280704              1
0             14        3.16371      0.0022374              1
0             15      0.0471271    0.000181137              1
1              0      0.0112644      0.0337966              1
1              1     0.00540932      0.0141238              1
1              2         3.1772      0.0394285              1
1              3        3.16359     0.00256789              1
1              4      0.0150341      0.0473982              1
1              5      0.0132004      0.0386893              1
1              6        3.15631      0.0457394              1
1              7        3.17174     0.00469732              1
1              8      0.0327646       0.016924              1
1              9      0.0154348      0.0278035              1
1             10         3.1643      0.0119821              1
1             11         3.1655      0.0498436              1
1             12      0.0153293      0.0395974              1
1             13      0.0197225     0.00204959              1
1             14         3.1437     0.00420501              1
1             15        3.19049      0.0373623              1
2              0        3.14611     0.00481712              1
2              1      0.0405189     0.00397042              1
2              2      0.0206489      0.0103051              1
2              3        3.15183      0.0414474              1
2              4        3.15102      0.0041155              1
2              5      0.0402934      0.0186884              1
2              6      0.0353679     0.00460755              1
2              7        3.14459      0.0365245              1
2              8         3.1613     0.00206515              1
2              9      0.0195059      0.0106991              1
2             10      0.0460084      0.0288725              1
2             11         3.1612     0.00230214              1
2             12        3.15276      0.0463233              1
2             13      0.0443984      0.0353434              1
2             14      0.0128014      0.0261566              1
2             15        3.17547      0.0302222              1
3              0        3.14808       0.034389              1
3              1        3.17952      0.0415435              1
3              2      0.0198002      0.0363154              1
3              3    0.000617535      0.0406409              1
3              4        3.16119      0.0245925              1
3              5        3.17662      0.0046364              1
3              6      0.0332507      0.0205326              1
3              7     0.00817387      0.0428157              1
3              8        3.19006      0.0468072              1
3              9        3.18534      0.0173322              1
3             10      0.0133152      0.0280977              1
3             11       0.048721      0.0480253              1
3             12        3.18793      0.0170596              1
3             13         3.1416      0.0179306              1
3             14      0.0314599      0.0159077              1
3             15      0.0303545      0.0319039              1
4              0      0.0396987      0.0109779              1
4              1        3.15541      0.0155772              1
4              2        3.14507     0.00356129              1
4              3       0.022444      0.0181165              1
4              4      0.0455217      0.0422971              1
4              5        3.16258      0.0317204              1
4              6        3.17464      0.0161251              1
4              7     0.00428585     0.00312445              1
4              8     0.00567404    0.000935037              1
4              9        3.18987      0.0152941              1
4             10        3.17262      0.0470811              1
4             11       0.010532      0.0453863              1
4             12      0.0393761      0.0147823              1
4             13        3.16578      0.0363459              1
4             14         3.1886       0.044385              1
4             15      0.0169249      0.0304065              1
5              0     0.00259834       0.028584              1
5              1      0.0460258      0.0309133              1
5              2        3.16824      0.0140672              1
5              3        3.17998      0.0486284              1
5              4      0.0441387     0.00421411              1
5              5      0.0102059      0.0276289              1
5              6        3.18688      0.0370161              1
5              7        3.18729     0.00236359              1
5              8      0.0380129      0.0496348              1
5              9      0.0306393    0.000174649              1
5             10        3.18335    0.000474036              1
5             11        3.16705      0.0249585              1
5             12      0.0279392      0.0332696              1
5             13     0.00965136      0.0286148              1
5             14        3.14699      0.0225003              1
5             15        3.14778      0.0350847              1
6              0        3.15558      0.0462258              1
6              1      0.0393653      0.0443724              1
6              2     0.00805003      0.0303717              1
6              3        3.16388       0.036621              1
6              4        3.14567      0.0064225              1
6              5      0.0490187      0.0023499              1
6              6      0.0143804      0.0151789              1
6              7        3.17077     0.00758585              1
6              8        3.14627     0.00324798              1
6              9      0.0380163      0.0290623              1
6             10     0.00908376      0.0391797              1
6             11        3.15221      0.0264158              1
6             12        3.18096       0.021729              1
6             13     0.00256104      0.0413759              1
6             14       0.040383      0.0109066              1
6             15        3.15185      0.0321333              1
7              0        3.15574      0.0150012              1
7              1        3.14847     0.00762942              1
7              2     0.00447991      0.0228293              1
7              3      0.0222277      0.0398094              1
7              4        3.16449      0.0225643              1
7              5        3.16385       0.016045              1
7              6       0.035592      0.0376768              1
7              7      0.0146941      0.0324821              1
7              8        3.14727      0.0112611              1
7              9        3.15613      0.0071642              1
7             10      0.0495669       0.028527              1
7             11      0.0333694      0.0449486              1
7             12        3.17155      0.0367473              1
7             13        3.16077     0.00361998              1
7             14      0.0453517       0.027814              1
7             15      0.0205843        0.01476              1
8              0     0.00736662      0.0221468              1
8              1        3.18936      0.0454657              1
8              2        3.15264      0.0283072              1
8              3      0.0337591      0.0102302              1
8              4      0.0220633      0.0321313              1
8              5        3.16462     0.00495317              1
8              6        3.15411      0.0405854              1
8              7      0.0490441      0.0398328              1
8              8      0.0201697      0.0134202              1
8              9        3.16975       0.018905              1
8             10         3.1434        0.03788              1
8             11      0.0451474     0.00570673              1
8             12      0.0268508     0.00886526              1
8             13        3.14634      0.0166466              1
8             14        3.15432      0.0320903              1
8             15      0.0106693      0.0378907              1
9              0      0.0483455      0.0422424              1
9              1      0.0168293      0.0134817              1
9              2        3.15744     0.00763585              1
9              3         3.1754     0.00979537              1
9              4      0.0454547     0.00256226              1
9              5     0.00087756      0.0220709              1
9              6        3.16124      0.0356081              1
9              7        3.16059      0.0239261              1
9              8     0.00644904      0.0389241              1
9              9     0.00332145    0.000515386              1
9             10        3.18914      0.0409006              1
9             11         3.1884      0.0392772              1
9             12      0.0193273      0.0441592              1
9             13      0.0437009      0.0427676              1
9             14        3.16208     0.00249354              1
9             15        3.14214      0.0211503              1
10              0        3.16279      0.0393543              1
10              1      0.0297787      0.0126492              1
10              2      0.0210413     0.00551879              1
10              3        3.16693      0.0331224              1
10              4        3.16974     0.00262737              1
10              5      0.0342702      0.0111029              1
10              6      0.0315074      0.0231477              1
10              7         3.1913      0.0448219              1
10              8          3.174      0.0240675              1
10              9      0.0178544      0.0193744              1
10             10       0.020954      0.0113971              1
10             11        3.18281      0.0464817              1
10             12          3.176      0.0245934              1
10             13      0.0430154      0.0101718              1
10             14      0.0400628      0.0305089              1
10             15        3.16747     0.00756827              1
11              0         3.1459      0.0251157              1
11              1        3.18472      0.0343146              1
11              2        0.02915      0.0153872              1
11              3       0.015294      0.0262882              1
11              4        3.16162     0.00902005              1
11              5        3.15236      0.0295693              1
11              6      0.0101164      0.0141473              1
11              7      0.0102478     0.00103442              1
11              8        3.16541      0.0464301              1
11              9        3.15807      0.0391388              1
11             10     0.00191219      0.0196873              1
11             11      0.0175142      0.0152109              1
11             12        3.15544      0.0423793              1
11             13        3.16685       0.029774              1
11             14      0.0154679      0.0185215              1
11             15      0.0201344      0.0159682              1
12              0      0.0133092      0.0366444              1
12              1        3.15206      0.0317565              1
12              2        3.16059      0.0407176              1
12              3      0.0223194     0.00424024              1
12              4      0.0083002      0.0149607              1
12              5        3.16435      0.0128312              1
12              6        3.18135     0.00507911              1
12              7      0.0181503     0.00684543              1
12              8      0.0332163      0.0228025              1
12              9         3.1789      0.0364744              1
12             10        3.16131      0.0370508              1
12             11      0.0245292      0.0303243              1
12             12     0.00423715      0.0363279              1
12             13        3.15492      0.0330154              1
12             14        3.15426      0.0222424              1
12             15      0.0109248      0.0156175              1
13              0      0.0104928      0.0245055              1
13              1       0.047895      0.0224097              1
13              2        3.16059      0.0300126              1
13              3        3.16571      0.0158455              1
13              4      0.0172207      0.0103745              1
13              5      0.0485857      0.0311977              1
13              6        3.17621      0.0318288              1
13              7        3.18081     0.00764744              1
13              8      0.0429188      0.0341036              1
13              9      0.0151722       0.036805              1
13             10        3.18967      0.0217237              1
13             11         3.1781      0.0338335              1
13             12      0.0208419      0.0223601              1
13             13      0.0248562      0.0322554              1
13             14        3.19137      0.0273912              1
13             15          3.163      0.0336161              1
14              0        3.14388       0.034407              1
14              1      0.0152853     0.00131413              1
14              2      0.0407924      0.0467044              1
14              3        3.18555      0.0193721              1
14              4        3.18969      0.0249151              1
14              5      0.0478212      0.0253194              1
14              6      0.0446956      0.0489587              1
14              7        3.17255      0.0098011              1
14              8        3.18527      0.0398385              1
14              9      0.0499839      0.0165381              1
14             10      0.0195743      0.0170367              1
14             11         3.1721      0.0125149              1
14             12        3.17554      0.0325297              1
14             13     0.00355796      0.0196117              1
14             14     0.00185239      0.0497147              1
14             15        3.18552      0.0352898              1
15              0        3.18428     0.00406245              1
15              1         3.1726      0.0223944              1
15              2      0.0306494      0.0433013              1
15              3     0.00749905     0.00238914              1
15              4        3.17668     0.00140006              1
15              5        3.16733       0.020824              1
15              6      0.0487672      0.0224958              1
15              7      0.0407359       0.010596              1
15              8        3.15117     0.00754089              1
15              9        3.18585      0.0295341              1
15             10      0.0106293       0.036566              1
15             11      0.0453089      0.0296692              1
15             12        3.18399      0.0108815              1
15             13        3.18024       0.044291              1
15             14      0.0328362      0.0403575              1
15             15      0.0439864     0.00918526              1
