#x              y     Theta(x,y)       Phi(x,y)Moment_Size(x,y)
0              0      0.0377193      0.0474651              1
0              1        3.15514      0.0351545              1
0              2        3.15249     0.00869986              1
0              3      0.0114164      0.0483477              1
0              4      0.0146689      0.0231932              1
0              5        3.17697      0.0462354              1
0              6        3.18189      0.0280357              1
0              7      0.0445406     0.00844446              1
0              8      0.0188255      0.0462974              1
0              9        3.15511     0.00876505              1
0             10        3.16393      0.0204749              1
0             11     0.00242244       0.027743              1
0             12      0.0109821      0.0332585              1
0             13        3.14932       0.017783              1
0             14        3.16028      0.0349564              1
0             15      0.0254181    0.000509269              1
1              0     0.00587071      0.0445957              1
1              1      0.0216965      0.0449782              1
1              2        3.17512     0.00634073              1
1              3        3.16256     0.00388414              1
1              4     0.00667497       0.016761              1
1              5      0.0424918      0.0361999              1
1              6        3.17131      0.0071342              1
1              7        3.18777      0.0270783              1
1              8      0.0299856       0.028191              1
1              9       0.022818      0.0113303              1
1             10        3.17018       0.018408              1
1             11        3.16419      0.0261262              1
1             12      0.0424205      0.0365294              1
1             13     0.00252347       0.011545              1
1             14        3.16887      0.0317481              1
1             15        3.19133      0.0351302              1
2              0        3.14866     0.00275466              1
2              1      0.0334683      0.0139841              1
2              2      0.0398528     0.00410811              1
2              3        3.14391    0.000391498              1
2              4        3.17912      0.0472114              1
2              5      0.0478448      0.0181678              1
2              6      0.0218948      0.0458339              1
2              7        3.19144       0.029949              1
2              8        3.14911     0.00513699              1
2              9     0.00144187      0.0155082              1
2             10     0.00473117      0.0160406              1
2             11        3.14207      0.0176574              1
2             12        3.14762      0.0414681              1
2             13      0.0329846      0.0388766              1
2             14     0.00941702      0.0202073              1
2             15         3.1537      0.0387106              1
3              0        3.18322      0.0450355              1
3              1        3.14965      0.0392408              1
3              2      0.0346829      0.0253165              1
3              3      0.0417542      0.0299521              1
3              4        3.18106      0.0342683              1
3              5        3.18015      0.0493213              1
3              6      0.0395285    0.000491048              1
3              7       0.037033      0.0202863              1
3              8        3.19148      0.0150847              1
3              9        3.19119       0.029436              1
3             10       0.010749      0.0368781              1
3             11      0.0383647      0.0351341              1
3             12         3.1653     0.00857788              1
3             13        3.18984     0.00475993              1
3             14    4.44039e-05       0.046249              1
3             15      0.0321974      0.0165114              1
4              0      0.0128579      0.0358953              1
4              1        3.14879      0.0281118              1
4              2        3.17258      0.0388057              1
4              3      0.0187548    0.000474625              1
4              4      0.0327257      0.0444677              1
4              5        3.15462      0.0270867              1
4              6        3.18746       0.024139              1
4              7      0.0469594     0.00291195              1
4              8      0.0320991      0.0473619              1
4              9        3.16763      0.0115215              1
4             10        3.17967      0.0259773              1
4             11      0.0429599      0.0223755              1
4             12    0.000984073     0.00105285              1
4             13        3.14235      0.0103566              1
4             14        3.15199    0.000187943              1
4             15      0.0248002     0.00369553              1
5              0      0.0377873      0.0298094              1
5              1      0.0297389      0.0174561              1
5              2        3.15476      0.0227153              1
5              3        3.19039      0.0136715              1
5              4      0.0208215      0.0099408              1
5              5      0.0433442      0.0322669              1
5              6        3.18244     0.00211014              1
5              7        3.16765      0.0473444              1
5              8      0.0303121      0.0351658              1
5              9      0.0393445      0.0192439              1
5             10        3.16071      0.0407256              1
5             11        3.17782      0.0191563              1
5             12      0.0416343      0.0316383              1
5             13     0.00176334      0.0185858              1
5             14        3.17837      0.0327329              1
5             15        3.14182      0.0384778              1
6              0        3.16146      0.0154264              1
6              1     0.00208226      0.0285023              1
6              2    0.000138235     0.00606598              1
6              3        3.16041     0.00562844              1
6              4        3.17697     0.00518064              1
6              5     0.00806819      0.0164261              1
6              6       0.006236      0.0221665              1
6              7         3.1744       0.012024              1
6              8        3.14903      0.0221113              1
6              9      0.0099758      0.0180478              1
6             10     0.00335383      0.0397064              1
6             11        3.15155       0.018456              1
6             12        3.18529      0.0237665              1
6             13      0.0102948      0.0206691              1
6             14      0.0251652      0.0143207              1
6             15        3.15009       0.013055              1
7              0         3.1832      0.0152003              1
7              1        3.15813     0.00631425              1
7              2      0.0143969     0.00476577              1
7              3      0.0494008     0.00128072              1
7              4        3.17423      0.0281515              1
7              5        3.15009      0.0418689              1
7              6      0.0197521      0.0247854              1
7              7      0.0379222      0.0285718              1
7              8        3.14568     0.00634041              1
7              9        3.17831      0.0175929              1
7             10      0.0423869      0.0340099              1
7             11      0.0155249      0.0384207              1
7             12        3.16144      0.0421362              1
7             13        3.15194      0.0201104              1
7             14      0.0101789      0.0252292              1
7             15      0.0197692    0.000314861              1
8              0      0.0497631      0.0496826              1
8              1        3.17432      0.0482792              1
8              2        3.17589      0.0222405              1
8              3      0.0323748      0.0254216              1
8              4      0.0333609     0.00111506              1
8              5         3.1707      0.0463925              1
8              6        3.17942      0.0397114              1
8              7      0.0471926      0.0283472              1
8              8      0.0290375     0.00655332              1
8              9        3.16465      0.0184536              1
8             10         3.1521      0.0460415              1
8             11      0.0183219      0.0296754              1
8             12      0.0131249      0.0481884              1
8             13        3.16948      0.0122455              1
8             14        3.16797       0.020207              1
8             15     0.00103735       0.039042              1
9              0      0.0433271      0.0133806              1
9              1     0.00977332      0.0274596              1
9              2        3.17425     0.00574237              1
9              3        3.18246      0.0322659              1
9              4      0.0275331      0.0353709              1
9              5      0.0264172      0.0495507              1
9              6        3.18237     0.00816919              1
9              7         3.1625      0.0112823              1
9              8      0.0290714      0.0278138              1
9              9      0.0426621      0.0190038              1
9             10        3.18769      0.0146674              1
9             11        3.15953       0.013423              1
9             12     0.00809797      0.0129778              1
9             13       0.034016      0.0468799              1
9             14        3.16845     0.00729955              1
9             15        3.16028      0.0495986              1
10              0        3.17262       0.014616              1
10              1      0.0280952      0.0331344              1
10              2      0.0189675      0.0438437              1
10              3        3.16891       0.029125              1
10              4        3.17449      0.0478385              1
10              5      0.0457207     0.00502264              1
10              6      0.0475516      0.0284642              1
10              7        3.19044     0.00543898              1
10              8        3.16259      0.0474989              1
10              9         0.0361     0.00917748              1
10             10      0.0402059       0.028798              1
10             11        3.15987      0.0219071              1
10             12        3.16945      0.0118003              1
10             13      0.0354671      0.0355996              1
10             14      0.0162546     0.00124411              1
10             15        3.17136      0.0340441              1
11              0        3.14375     0.00167241              1
11              1        3.15643     0.00144063              1
11              2     0.00217073      0.0257125              1
11              3      0.0109497      0.0165612              1
11              4        3.15732      0.0261492              1
11              5        3.14841      0.0161425              1
11              6      0.0300537      0.0467749              1
11              7     0.00466043       0.038578              1
11              8         3.1628      0.0356025              1
11              9        3.17268      0.0371921              1
11             10      0.0312312     0.00908683              1
11             11     0.00153584      0.0405219              1
11             12        3.18005      0.0246291              1
11             13        3.16325      0.0102943              1
11             14      0.0304035     0.00488137              1
11             15      0.0426631      0.0285267              1
12              0     0.00618404      0.0084362              1
12              1        3.17748     0.00431518              1
12              2        3.15341      0.0214801              1
12              3      0.0330106      0.0199637              1
12              4      0.0041008     0.00185147              1
12              5        3.16418      0.0225116              1
12              6        3.18178      0.0199321              1
12              7      0.0177315      0.0132231              1
12              8      0.0175673      0.0198932              1
12              9         3.1891      0.0119355              1
12             10        3.16352      0.0118804              1
12             11      0.0249294      0.0301346              1
12             12      0.0255024      0.0224079              1
12             13        3.16338      0.0436282              1
12             14        3.17383      0.0499908              1
12             15      0.0465616      0.0348783              1
13              0      0.0183553      0.0165466              1
13              1      0.0140566     0.00363386              1
13              2        3.18397      0.0349335              1
13              3        3.15777     0.00221645              1
13              4      0.0433688      0.0193528              1
13              5        0.03523      0.0127039              1
13              6        3.15268      0.0389948              1
13              7         3.1876      0.0261482              1
13              8      0.0462567      0.0300679              1
13              9      0.0479316      0.0346851              1
13             10        3.18084      0.0347634              1
13             11        3.16317      0.0262755              1
13             12      0.0339841      0.0129486              1
13             13       0.033521      0.0346749              1
13             14        3.18976     0.00435675              1
13             15        3.15515      0.0407074              1
14              0        3.17494      0.0321065              1
14              1     0.00480276      0.0394771              1
14              2     0.00722749     0.00537788              1
14              3        3.15062      0.0228027              1
14              4        3.16742      0.0210882              1
14              5      0.0112135      0.0439859              1
14              6      0.0215783      0.0197347              1
14              7        3.19084    0.000267386              1
14              8         3.1807       0.024953              1
14              9      0.0296583      0.0171548              1
14             10      0.0120432      0.0397688              1
14             11         3.1823      0.0401851              1
14             12        3.14554      0.0113013              1
14             13      0.0189556      0.0306567              1
14             14      0.0194418      0.0342222              1
14             15        3.15831       0.018835              1
15              0         3.1666    0.000890621              1
15              1        3.16823      0.0150408              1
15              2      0.0344588      0.0466515              1
15              3      0.0428689      0.0454303              1
15              4        3.16752      0.0494247              1
15              5        3.15013      0.0155471              1
15              6      0.0475403      0.0277234              1
15              7      0.0267485     0.00728061              1
15              8        3.16979     0.00164635              1
15              9         3.1497     0.00459415              1
15             10      0.0465323      0.0106133              1
15             11       0.029189      0.0468432              1
15             12        3.15045      0.0497464              1
15             13        3.15771     0.00297982              1
15             14     0.00873958     0.00412067              1
15             15      0.0177645      0.0102612              1
