#seed=2 for mt19937_64 Generator is used
#ix   iy   n_Spin    Theta(x,y)    Phi(x,y)      Moment_Size(x,y)
0              0              0         2.6711        5.67751              1
1              0              0        2.90697        4.92489              1
2              0              0       0.426898        1.58904              1
3              0              0       0.313061        1.41083              1
4              0              0        2.15464       0.138781              1
5              0              0         3.0423        4.10974              1
6              0              0       0.417135        5.04748              1
7              0              0       0.212448        1.26149              1
8              0              0        1.77805        6.27238              1
9              0              0        1.20566        2.23985              1
10              0              0       0.221871       0.359994              1
11              0              0          1.373        2.91849              1
12              0              0        1.02857        4.87934              1
13              0              0       0.404254        2.94105              1
14              0              0       0.551705        2.30342              1
15              0              0        1.12468        2.67447              1
16              0              0         1.0623        6.16439              1
17              0              0         1.8461        2.36322              1
18              0              0        1.66674        4.27761              1
19              0              0        3.11981         4.9316              1
20              0              0        2.35932       0.745285              1
21              0              0        2.24278        5.37848              1
22              0              0        1.24651        2.46515              1
23              0              0       0.531181        4.97158              1
0              1              0      0.0675981         5.0972              1
1              1              0        2.26452       0.948298              1
2              1              0        1.22791       0.522553              1
3              1              0       0.158534        2.04086              1
4              1              0       0.536175        3.25406              1
5              1              0        2.57291        3.18241              1
6              1              0        2.24976        4.14927              1
7              1              0        0.56641         2.2886              1
8              1              0       0.635375        2.17688              1
9              1              0       0.365758        5.99822              1
10              1              0        2.69293       0.185205              1
11              1              0        2.47341        2.48903              1
12              1              0       0.443551        3.41803              1
13              1              0       0.509177         4.5072              1
14              1              0        2.94733        2.33031              1
15              1              0        3.00589        1.64829              1
16              1              0        1.87175        1.61989              1
17              1              0        2.12036        3.49387              1
18              1              0        1.06518        2.54191              1
19              1              0       0.981982         6.0639              1
20              1              0         2.2079        4.70708              1
21              1              0        1.55365        2.16795              1
22              1              0       0.950289        4.02809              1
23              1              0       0.581588       0.333166              1
0              2              0        1.53061        4.85472              1
1              2              0        1.61285        2.36284              1
2              2              0        1.76904        1.40246              1
3              2              0         1.9709       0.549409              1
4              2              0        1.93309        2.35902              1
5              2              0        1.20853        4.62644              1
6              2              0        2.04966        3.97038              1
7              2              0        1.73172         3.2704              1
8              2              0        3.08708       0.622204              1
9              2              0         2.9644        1.46175              1
10              2              0       0.431178        5.10332              1
11              2              0      0.0229748        3.00688              1
12              2              0       0.370835        2.18045              1
13              2              0        1.41918        3.28143              1
14              2              0        1.66895        1.09864              1
15              2              0       0.981959        1.75647              1
16              2              0        2.11354        5.18543              1
17              2              0          2.925        5.31018              1
18              2              0       0.457358       0.268082              1
19              2              0        1.13205        4.99891              1
20              2              0        2.34907        2.35671              1
21              2              0        2.01037         0.3903              1
22              2              0        1.83326        0.50922              1
23              2              0        2.24168        4.49829              1
0              3              0        2.66612        4.95087              1
1              3              0        1.89737        3.45429              1
2              3              0        1.33985        3.89358              1
3              3              0        1.94424       0.654942              1
4              3              0        2.25117        4.22411              1
5              3              0        1.34272        1.36277              1
6              3              0        1.32096        3.64703              1
7              3              0       0.569683        1.12758              1
8              3              0        2.23708       0.786532              1
9              3              0        2.80407        4.24534              1
10              3              0       0.758702        2.72341              1
11              3              0        1.17861        3.61423              1
12              3              0        2.71222       0.197133              1
13              3              0        2.90151      0.0326611              1
14              3              0        1.28003        1.31485              1
15              3              0        1.66673        1.45682              1
16              3              0        2.36646        1.17089              1
17              3              0        1.14692        2.63094              1
18              3              0        1.19881        1.56401              1
19              3              0        2.75768        6.27768              1
20              3              0       0.283666        4.29128              1
21              3              0         1.3501         5.8215              1
22              3              0       0.650905        4.46466              1
23              3              0        2.96956        3.24862              1
0              4              0        0.61916        4.26301              1
1              4              0         2.6229        5.78555              1
2              4              0         1.3034        4.28678              1
3              4              0         3.0782       0.565581              1
4              4              0       0.589445        4.46107              1
5              4              0       0.606326       0.241757              1
6              4              0       0.844009        5.46664              1
7              4              0        2.53414        1.43078              1
8              4              0      0.0549526         3.8958              1
9              4              0        1.66503        4.38632              1
10              4              0        2.27494        5.12594              1
11              4              0        2.92063        2.14025              1
12              4              0        2.45119       0.937189              1
13              4              0         2.8194         0.4044              1
14              4              0       0.920344        5.23589              1
15              4              0       0.509532       0.385859              1
16              4              0        2.32761        4.31716              1
17              4              0       0.113225        3.74021              1
18              4              0    0.000769283        2.70251              1
19              4              0       0.525815        6.01093              1
20              4              0        2.09942       0.374682              1
21              4              0        1.48152        1.71049              1
22              4              0        1.16332        5.65467              1
23              4              0        1.87053        5.19878              1
0              5              0       0.155664        1.95688              1
1              5              0        2.96003        5.32416              1
2              5              0        1.67133        1.15148              1
3              5              0        2.39214        4.70472              1
4              5              0         1.8719        4.49779              1
5              5              0        3.12026        2.85793              1
6              5              0       0.665132         6.0957              1
7              5              0         2.8227         3.8656              1
8              5              0        1.84136        1.22689              1
9              5              0        1.29161        3.05317              1
10              5              0        1.03887        2.68215              1
11              5              0        1.08152       0.703693              1
12              5              0        1.44123        3.36689              1
13              5              0        0.78746          3.369              1
14              5              0        2.17277        0.40535              1
15              5              0        2.58141        4.23175              1
16              5              0        2.51552        5.33312              1
17              5              0        1.57372       0.333728              1
18              5              0        1.45563        5.79924              1
19              5              0        2.75081        4.18529              1
20              5              0        2.09156       0.663804              1
21              5              0        1.44697        3.28688              1
22              5              0        2.64355        5.41639              1
23              5              0        2.68355        3.56535              1
0              6              0         2.5917         2.2141              1
1              6              0        1.53678        1.63065              1
2              6              0        1.09129       0.389378              1
3              6              0        2.51006        4.07682              1
4              6              0        1.26475         4.1692              1
5              6              0        1.08673         1.7258              1
6              6              0        2.77607        3.06816              1
7              6              0       0.146402        4.82334              1
8              6              0       0.401739        1.73887              1
9              6              0         1.3759        5.63302              1
10              6              0       0.211681       0.700511              1
11              6              0        1.46701        2.43589              1
12              6              0      0.0614426         5.3632              1
13              6              0        2.18563        2.21717              1
14              6              0        2.68397        2.13895              1
15              6              0        2.95545        4.65103              1
16              6              0       0.128027        3.44657              1
17              6              0        2.03908       0.834762              1
18              6              0       0.608065        1.75761              1
19              6              0       0.457933         5.6222              1
20              6              0       0.771634        2.78087              1
21              6              0       0.766288        2.41644              1
22              6              0         2.3639        1.23696              1
23              6              0      0.0788393        5.27906              1
0              7              0        1.54616        3.81613              1
1              7              0        2.56146        5.74553              1
2              7              0        1.98029        5.95941              1
3              7              0        2.24997        5.73826              1
4              7              0       0.502987         1.0046              1
5              7              0       0.950446        4.63332              1
6              7              0        2.76475        4.69811              1
7              7              0        1.70724        5.49806              1
8              7              0        1.16743      0.0245729              1
9              7              0        2.03808       0.811441              1
10              7              0         1.0978        1.19082              1
11              7              0        2.16563        2.77442              1
12              7              0       0.533881        5.64409              1
13              7              0        1.69042        1.99227              1
14              7              0        2.11402        2.75373              1
15              7              0         2.9503        4.76728              1
16              7              0        2.73231        5.78073              1
17              7              0        1.74933        5.87764              1
18              7              0        1.36044       0.189725              1
19              7              0        1.16325        2.60355              1
20              7              0        2.38171        3.49136              1
21              7              0        1.07106        5.38701              1
22              7              0       0.258208        6.15349              1
23              7              0       0.804105        5.16416              1
0              8              0       0.682656        1.18263              1
1              8              0        1.22634        6.11622              1
2              8              0        1.50533        4.76227              1
3              8              0       0.415376        3.10073              1
4              8              0         2.5573        3.57634              1
5              8              0        3.03777        2.04015              1
6              8              0       0.269961        5.32748              1
7              8              0         2.5904       0.932272              1
8              8              0        1.87145        5.75694              1
9              8              0        2.37904        2.82257              1
10              8              0        2.99511       0.955985              1
11              8              0        2.91505        3.04763              1
12              8              0       0.545238        6.21436              1
13              8              0        1.57754      0.0164993              1
14              8              0        1.50806        1.97466              1
15              8              0        2.54572        3.05434              1
16              8              0        1.89069      0.0143291              1
17              8              0        1.26817        3.50727              1
18              8              0       0.440737        2.54487              1
19              8              0        2.74244        5.32279              1
20              8              0        2.02137        6.00104              1
21              8              0        2.18565        3.72931              1
22              8              0        1.01015        5.06923              1
23              8              0        2.69151        1.76133              1
0              9              0       0.181499        4.15329              1
1              9              0        1.58974        4.31356              1
2              9              0        2.33393        2.39085              1
3              9              0        2.63177        3.25476              1
4              9              0       0.502245        6.22844              1
5              9              0        2.13713        4.12702              1
6              9              0        1.98276        4.20417              1
7              9              0         2.5893        6.20998              1
8              9              0       0.808822        3.27972              1
9              9              0       0.174322        4.94554              1
10              9              0        2.23363        1.36009              1
11              9              0        1.59731       0.691831              1
12              9              0      0.0170163        3.52568              1
13              9              0        2.79942        2.34959              1
14              9              0        3.05107        2.93855              1
15              9              0       0.899252        1.58808              1
16              9              0       0.351832        0.65723              1
17              9              0        1.04431        6.10463              1
18              9              0        1.31831        4.32213              1
19              9              0        1.34636        2.52355              1
20              9              0        1.66968        5.39793              1
21              9              0       0.501695        1.23911              1
22              9              0        2.56232        5.11125              1
23              9              0      0.0992972        5.41392              1
0             10              0       0.232173        5.31942              1
1             10              0        3.07581       0.126643              1
2             10              0       0.722033        6.00709              1
3             10              0        2.71458        6.16524              1
4             10              0        1.63242        0.85555              1
5             10              0        1.01143        5.59084              1
6             10              0        2.98056       0.710546              1
7             10              0        3.08091        1.82384              1
8             10              0        2.73727        4.20383              1
9             10              0        1.90269       0.451481              1
10             10              0        2.31301         2.3751              1
11             10              0        0.65932        4.68995              1
12             10              0       0.874424        0.37223              1
13             10              0       0.360532          3.895              1
14             10              0       0.277915        1.40425              1
15             10              0        2.25913        5.94765              1
16             10              0        1.79959        3.78581              1
17             10              0        1.73399       0.989685              1
18             10              0        2.32606        1.34962              1
19             10              0         1.1423        1.34247              1
20             10              0        2.55012        3.96639              1
21             10              0        3.06537        3.08265              1
22             10              0        2.35356       0.685185              1
23             10              0        1.31698        4.43906              1
0             11              0        1.41882        2.08576              1
1             11              0        1.35162        5.27102              1
2             11              0        2.16053        1.97355              1
3             11              0        1.55109       0.622065              1
4             11              0        1.92678       0.458196              1
5             11              0           0.45          4.833              1
6             11              0        1.90495        3.09382              1
7             11              0        1.84936        3.91354              1
8             11              0       0.130037        2.67971              1
9             11              0        1.67936         5.0581              1
10             11              0       0.724405        1.02923              1
11             11              0       0.504666        4.07427              1
12             11              0         2.3953        3.05118              1
13             11              0          1.501        4.40169              1
14             11              0        2.43608        5.47468              1
15             11              0         2.0867        2.83701              1
16             11              0       0.606454        4.94192              1
17             11              0        1.67291        4.70397              1
18             11              0       0.598614        2.68041              1
19             11              0       0.668295        2.07827              1
20             11              0        1.71295        5.51076              1
21             11              0       0.749909        4.31261              1
22             11              0        1.81971         1.0194              1
23             11              0        1.90205        2.86988              1
0             12              0        2.64742       0.854721              1
1             12              0        2.63779        4.16714              1
2             12              0       0.427632       0.985097              1
3             12              0        1.87497      0.0888845              1
4             12              0        1.44483        3.98085              1
5             12              0       0.280348        1.00339              1
6             12              0       0.898644        1.37145              1
7             12              0        3.05014        4.22057              1
8             12              0        1.94423      0.0435738              1
9             12              0         1.7014        1.49151              1
10             12              0        1.55193        1.52973              1
11             12              0        3.04834        1.09693              1
12             12              0       0.206694        2.84522              1
13             12              0         1.5121        3.80397              1
14             12              0        2.26933        3.21922              1
15             12              0         1.5057        3.57564              1
16             12              0        1.95902       0.125061              1
17             12              0        1.66842        4.79253              1
18             12              0        1.25949        4.95617              1
19             12              0       0.526013        3.28714              1
20             12              0        1.93644        3.42921              1
21             12              0        2.76782        1.96913              1
22             12              0       0.907667        5.41835              1
23             12              0        2.49391       0.678149              1
0             13              0        1.70556        5.33616              1
1             13              0        3.07378        2.12726              1
2             13              0      0.0538605        5.90263              1
3             13              0        1.52313        2.06385              1
4             13              0        1.22679        2.69608              1
5             13              0      0.0105466        3.47142              1
6             13              0       0.609057        2.66237              1
7             13              0        1.30139        2.68245              1
8             13              0        1.57172         2.8008              1
9             13              0        3.04031        2.15893              1
10             13              0        0.52191        4.61122              1
11             13              0        1.85149        5.49896              1
12             13              0        1.28426        3.71164              1
13             13              0        2.91812         5.5814              1
14             13              0       0.322395        1.28781              1
15             13              0        1.71252        1.25594              1
16             13              0       0.443794        2.53002              1
17             13              0        2.95364        4.94235              1
18             13              0        1.53272        4.80447              1
19             13              0       0.252126        2.15462              1
20             13              0        1.94008        5.74417              1
21             13              0        1.03818        1.37384              1
22             13              0        2.58823       0.268001              1
23             13              0       0.456933        2.76552              1
0             14              0        2.32519        2.36047              1
1             14              0        1.55944        1.34618              1
2             14              0        2.26139        1.10507              1
3             14              0       0.369834       0.228269              1
4             14              0        2.12898        3.56959              1
5             14              0         2.4876        5.67232              1
6             14              0        3.05368       0.999972              1
7             14              0       0.880485        3.04847              1
8             14              0        2.56126        6.14559              1
9             14              0        3.00643        1.65703              1
10             14              0        1.60574        3.85652              1
11             14              0        1.77371        3.42686              1
12             14              0       0.724646        4.89683              1
13             14              0        2.71434        1.97811              1
14             14              0        1.52541        1.59448              1
15             14              0        2.27638        5.67273              1
16             14              0       0.640381        5.00411              1
17             14              0       0.785239        1.21273              1
18             14              0        2.68142        1.97882              1
19             14              0        1.39406         6.1261              1
20             14              0        1.05846        4.82063              1
21             14              0        2.90451        2.93447              1
22             14              0         1.0479       0.482815              1
23             14              0        2.24475        3.99143              1
0             15              0        3.09431      0.0772191              1
1             15              0        1.13305        3.47457              1
2             15              0       0.566874        2.60604              1
3             15              0        0.84606        6.20404              1
4             15              0        1.18829       0.173648              1
5             15              0        0.84706        2.91552              1
6             15              0        1.52131        6.04726              1
7             15              0        2.80669        6.26013              1
8             15              0         1.7731        1.83895              1
9             15              0        0.98441        3.69862              1
10             15              0         2.4591        2.62677              1
11             15              0        2.80391        5.59588              1
12             15              0        2.85287        4.47927              1
13             15              0        3.11979        5.73494              1
14             15              0        3.02396        0.86448              1
15             15              0       0.261851       0.606733              1
16             15              0         1.1795      0.0204346              1
17             15              0       0.364793        3.04165              1
18             15              0        2.04021        1.51158              1
19             15              0        1.49507         4.8663              1
20             15              0        2.34266       0.750386              1
21             15              0        0.61743        6.27274              1
22             15              0        2.81791        2.67117              1
23             15              0      0.0244092        4.63084              1
0             16              0        3.13648       0.568573              1
1             16              0        1.29314        3.58065              1
2             16              0        1.66228        3.06747              1
3             16              0         1.5299        1.33038              1
4             16              0       0.133963        1.38183              1
5             16              0        1.86626        1.05756              1
6             16              0        1.21651       0.645513              1
7             16              0         1.0329        4.11596              1
8             16              0        2.92762        1.38226              1
9             16              0        0.60066         6.0791              1
10             16              0        1.84438        5.91702              1
11             16              0        2.37554       0.111292              1
12             16              0        1.62113        4.81342              1
13             16              0        2.91609        4.79227              1
14             16              0       0.574037        1.61534              1
15             16              0        2.50452        2.43219              1
16             16              0      0.0876856       0.117164              1
17             16              0       0.707326        4.77524              1
18             16              0      0.0752322        2.57682              1
19             16              0        2.45611        3.54507              1
20             16              0        1.15776        2.71993              1
21             16              0          2.726        1.25939              1
22             16              0        1.89594        5.45873              1
23             16              0         2.5723        3.66988              1
0             17              0       0.931797          4.734              1
1             17              0        2.55526        4.52503              1
2             17              0       0.942813        2.71833              1
3             17              0        2.30785        3.67582              1
4             17              0        2.19168        3.63275              1
5             17              0        2.26734        2.09608              1
6             17              0        2.58291        1.37982              1
7             17              0        1.00907        2.67069              1
8             17              0       0.345563       0.728363              1
9             17              0        1.18043        4.55878              1
10             17              0        2.85717        5.24729              1
11             17              0        1.19665       0.109863              1
12             17              0        3.12153        2.71937              1
13             17              0        0.82147        2.90157              1
14             17              0        2.42158        3.19313              1
15             17              0        1.41071        1.89693              1
16             17              0       0.956287         2.7388              1
17             17              0       0.743329       0.540879              1
18             17              0       0.915929       0.694304              1
19             17              0       0.512564        5.89688              1
20             17              0        2.14077        3.27474              1
21             17              0       0.607248        3.62379              1
22             17              0        1.82384         6.0396              1
23             17              0        1.45916        4.30292              1
0             18              0        1.27975        5.23095              1
1             18              0        1.32112        2.34356              1
2             18              0        1.00523        2.47384              1
3             18              0        2.85211        1.95299              1
4             18              0        1.68597       0.862492              1
5             18              0        1.77567      0.0734106              1
6             18              0        0.38465       0.777906              1
7             18              0      0.0796657        1.91633              1
8             18              0       0.290043        3.02243              1
9             18              0        1.17142        1.32766              1
10             18              0       0.941659        4.17667              1
11             18              0        1.26845        1.49045              1
12             18              0         2.6216        1.43058              1
13             18              0         2.5761        1.11533              1
14             18              0        1.26466        3.69816              1
15             18              0        1.02226        2.36825              1
16             18              0       0.590571        5.92796              1
17             18              0        1.95448        5.29288              1
18             18              0        1.69165        2.42841              1
19             18              0       0.899995       0.882748              1
20             18              0        1.81235        1.43378              1
21             18              0       0.116152        2.84215              1
22             18              0        2.70666        4.30475              1
23             18              0       0.150872        3.06284              1
0             19              0       0.899312        2.50188              1
1             19              0        2.26064        4.35417              1
2             19              0        2.72617        5.21692              1
3             19              0        1.56314        3.15604              1
4             19              0        1.33096        3.13051              1
5             19              0         2.8131         6.1347              1
6             19              0        1.54669        1.67575              1
7             19              0        2.06407        5.23012              1
8             19              0        1.81915        1.97545              1
9             19              0        2.45801        5.47241              1
10             19              0       0.462042        5.33609              1
11             19              0       0.906542        6.02176              1
12             19              0        2.83095        6.03387              1
13             19              0        2.15917        2.66647              1
14             19              0       0.559847        2.11018              1
15             19              0       0.132265        2.83427              1
16             19              0        2.33073       0.572093              1
17             19              0        2.75149        2.23288              1
18             19              0        2.82895        2.05457              1
19             19              0        1.29422          3.925              1
20             19              0       0.288172         2.4967              1
21             19              0         2.7638        1.19445              1
22             19              0       0.232116           6.27              1
23             19              0       0.994106       0.795348              1
0             20              0        0.92666        0.56462              1
1             20              0        2.62711        4.37677              1
2             20              0        1.10228        2.20952              1
3             20              0        2.35443       0.304463              1
4             20              0         2.8119        3.78009              1
5             20              0       0.694009        4.86554              1
6             20              0        3.11229        4.66293              1
7             20              0       0.203938        6.02178              1
8             20              0      0.0654987        5.17962              1
9             20              0       0.378011        3.78565              1
10             20              0        3.06765        5.86296              1
11             20              0        1.21125        2.56249              1
12             20              0        1.04667        2.03352              1
13             20              0        2.03535        2.81993              1
14             20              0       0.231674       0.274886              1
15             20              0        2.24283       0.217333              1
16             20              0      0.0497482        5.80252              1
17             20              0       0.211136        5.41802              1
18             20              0        2.20211         5.9654              1
19             20              0        2.88221        3.73486              1
20             20              0        3.04393       0.348359              1
21             20              0        2.46517         4.1046              1
22             20              0        1.55274        5.09561              1
23             20              0       0.657022        1.80361              1
0             21              0       0.543117        2.50607              1
1             21              0       0.373985         2.0796              1
2             21              0      0.0504988        2.38478              1
3             21              0        2.13052       0.428638              1
4             21              0        2.25785        1.83047              1
5             21              0        2.28122        2.63388              1
6             21              0        1.37041        1.63376              1
7             21              0         1.3442        5.18139              1
8             21              0        3.11513        4.11467              1
9             21              0        1.27694        3.58492              1
10             21              0        1.00952         1.6568              1
11             21              0        1.72364        1.09584              1
12             21              0        2.62261         3.1112              1
13             21              0        1.12936        4.12532              1
14             21              0         0.8562        1.59954              1
15             21              0       0.385084        4.50939              1
16             21              0         2.5706        3.45517              1
17             21              0        3.00985        4.38164              1
18             21              0        2.89514        4.49773              1
19             21              0        2.59842       0.493816              1
20             21              0       0.626152        4.57118              1
21             21              0       0.515521       0.909461              1
22             21              0        2.08907        3.56621              1
23             21              0        1.13177        4.12068              1
0             22              0        2.83349      0.0632438              1
1             22              0        1.42192        1.63076              1
2             22              0        3.13272        5.62706              1
3             22              0        2.61261        1.14706              1
4             22              0        1.29651        5.70634              1
5             22              0        1.40989        5.61421              1
6             22              0        2.02856       0.188245              1
7             22              0        2.89903        2.46139              1
8             22              0       0.535205        2.49007              1
9             22              0        1.01284         2.9202              1
10             22              0        1.88879        3.16456              1
11             22              0        2.39584        2.37007              1
12             22              0        2.05513        2.49764              1
13             22              0       0.719626        3.95005              1
14             22              0        2.10153          2.981              1
15             22              0       0.360105        4.27281              1
16             22              0       0.550311        2.91164              1
17             22              0       0.518546        4.61788              1
18             22              0       0.577843        3.25007              1
19             22              0       0.216773       0.341537              1
20             22              0       0.789608        4.01521              1
21             22              0       0.071374        1.19865              1
22             22              0          2.733        4.76694              1
23             22              0        1.76753        3.48711              1
0             23              0        3.00025        3.65517              1
1             23              0         2.8285       0.329318              1
2             23              0        3.07598        3.95033              1
3             23              0        2.61983       0.634997              1
4             23              0        2.67164        4.90212              1
5             23              0        2.60818        1.27838              1
6             23              0        2.92549        5.00012              1
7             23              0       0.205506        1.60525              1
8             23              0       0.917584        5.11321              1
9             23              0        2.26879        3.48347              1
10             23              0         1.7716        3.18085              1
11             23              0        1.99807       0.733315              1
12             23              0        1.91665        5.23102              1
13             23              0        1.73811        4.31451              1
14             23              0       0.185917        5.19377              1
15             23              0        2.84728        1.42386              1
16             23              0        2.86543        2.48946              1
17             23              0       0.294768        3.97111              1
18             23              0        2.31728        2.67718              1
19             23              0        1.62877        3.02134              1
20             23              0        2.28704        5.28622              1
21             23              0        2.28293         2.8767              1
22             23              0        1.57304      0.0246744              1
23             23              0        1.28578        4.04194              1
