#x              y     Theta(x,y)       Phi(x,y)Moment_Size(x,y)
0              0      0.0388033      0.0280049              1
0              1        3.15453      0.0412258              1
0              2        3.14995      0.0458987              1
0              3      0.0283251      0.0297523              1
0              4      0.0406632     0.00852915              1
0              5        3.16444     0.00746519              1
0              6        3.17578      0.0127092              1
0              7      0.0121998      0.0249065              1
0              8      0.0172795      0.0264483              1
0              9        3.17169      0.0345187              1
0             10         3.1774      0.0346473              1
0             11      0.0133059       0.012159              1
0             12      0.0299433      0.0440603              1
0             13        3.16218      0.0381876              1
0             14        3.17943      0.0151008              1
0             15      0.0375948      0.0339309              1
0             16      0.0184371       0.009331              1
0             17        3.14305       0.049904              1
0             18        3.16267      0.0385331              1
0             19      0.0413765      0.0425887              1
0             20       0.019052     0.00515579              1
0             21        3.16069      0.0214784              1
0             22        3.18556      0.0348407              1
0             23      0.0249946     0.00377654              1
1              0      0.0401413      0.0403602              1
1              1       0.005677     0.00721731              1
1              2         3.1605      0.0344438              1
1              3        3.16023      0.0192136              1
1              4      0.0071766      0.0336992              1
1              5      0.0200915      0.0378883              1
1              6        3.15219     0.00364081              1
1              7        3.16263      0.0168528              1
1              8      0.0343875      0.0158042              1
1              9      0.0333947       0.038811              1
1             10        3.18756      0.0131447              1
1             11        3.15949      0.0385767              1
1             12     0.00590925      0.0308197              1
1             13     0.00733337     0.00826306              1
1             14        3.17706      0.0494554              1
1             15        3.16024      0.0257325              1
1             16      0.0355469      0.0296691              1
1             17      0.0246739      0.0335752              1
1             18        3.19135      0.0161641              1
1             19        3.19058      0.0181836              1
1             20     0.00764908      0.0229605              1
1             21      0.0207889      0.0254638              1
1             22        3.17534     0.00408213              1
1             23        3.19116      0.0269017              1
2              0        3.15897      0.0137234              1
2              1      0.0126826      0.0211472              1
2              2      0.0480046      0.0447827              1
2              3        3.17902      0.0182605              1
2              4        3.15809      0.0339998              1
2              5      0.0443217     0.00640399              1
2              6      0.0401308      0.0200484              1
2              7        3.15073      0.0305553              1
2              8        3.17827      0.0229052              1
2              9      0.0377459      0.0457782              1
2             10       0.017148        0.03737              1
2             11        3.18013      0.0330875              1
2             12        3.17927      0.0275796              1
2             13      0.0355366      0.0473988              1
2             14       0.022797     0.00305926              1
2             15        3.17025      0.0348853              1
2             16        3.18186      0.0278647              1
2             17     0.00508465      0.0198096              1
2             18      0.0219531      0.0458242              1
2             19         3.1891      0.0143514              1
2             20        3.14579       0.016821              1
2             21      0.0406905     0.00727842              1
2             22      0.0167787      0.0195809              1
2             23        3.18782      0.0070139              1
3              0        3.16802      0.0270743              1
3              1        3.15124       0.028431              1
3              2      0.0456628       0.049672              1
3              3      0.0057471      0.0213779              1
3              4        3.17726      0.0135369              1
3              5        3.14854      0.0465313              1
3              6      0.0460253      0.0332314              1
3              7     0.00223187      0.0448393              1
3              8        3.17236      0.0182452              1
3              9        3.18737      0.0234619              1
3             10      0.0340469     0.00480605              1
3             11     0.00158145      0.0434245              1
3             12        3.16285      0.0071165              1
3             13        3.18665      0.0335934              1
3             14      0.0313328      0.0261367              1
3             15      0.0425883     0.00793441              1
3             16        3.14179      0.0289939              1
3             17        3.17068     0.00640331              1
3             18     0.00375265      0.0240529              1
3             19       0.019669      0.0323183              1
3             20        3.15291       0.040494              1
3             21        3.18453      0.0244852              1
3             22      0.0442445      0.0130444              1
3             23      0.0268081      0.0498541              1
4              0     0.00338787      0.0325484              1
4              1        3.18732      0.0297716              1
4              2        3.17267     0.00105389              1
4              3      0.0366252      0.0243521              1
4              4      0.0394408      0.0348982              1
4              5        3.15564      0.0429144              1
4              6        3.16605       0.040613              1
4              7     0.00941939      0.0460135              1
4              8     0.00528139      0.0290328              1
4              9        3.18969       0.011589              1
4             10        3.15874      0.0236972              1
4             11      0.0378098      0.0339448              1
4             12     0.00810594      0.0157693              1
4             13        3.15819     0.00916302              1
4             14        3.15834       0.041262              1
4             15     0.00463369      0.0195387              1
4             16      0.0442378      0.0352145              1
4             17        3.16043      0.0010207              1
4             18        3.17088      0.0104653              1
4             19     0.00909171       0.028461              1
4             20      0.0165006     0.00470017              1
4             21        3.17102      0.0445415              1
4             22         3.1422     0.00902986              1
4             23      0.0311819      0.0450245              1
5              0    0.000966899      0.0436047              1
5              1      0.0104379      0.0317559              1
5              2        3.17116     0.00129372              1
5              3        3.18292      0.0406231              1
5              4      0.0288274     0.00108217              1
5              5      0.0291679      0.0474733              1
5              6        3.16039      0.0144527              1
5              7        3.18086     0.00908866              1
5              8     0.00925805      0.0310571              1
5              9      0.0187528      0.0125533              1
5             10        3.16585       0.043029              1
5             11        3.14415      0.0112291              1
5             12      0.0114417     0.00553295              1
5             13      0.0273919      0.0305473              1
5             14        3.18973     0.00458002              1
5             15        3.19028      0.0186497              1
5             16     0.00489113      0.0297463              1
5             17      0.0343665      0.0483893              1
5             18        3.15893      0.0183898              1
5             19        3.18743      0.0434409              1
5             20     0.00353157     0.00189005              1
5             21      0.0376118      0.0424574              1
5             22        3.15663      0.0407537              1
5             23        3.15686      0.0328474              1
6              0        3.16547      0.0119788              1
6              1     0.00838827      0.0325282              1
6              2      0.0130046      0.0371526              1
6              3        3.15639      0.0428828              1
6              4        3.17308      0.0449756              1
6              5       0.021688      0.0199733              1
6              6      0.0404891      0.0140417              1
6              7        3.15698      0.0288989              1
6              8        3.17366      0.0446263              1
6              9    0.000312553     0.00754482              1
6             10      0.0161896      0.0243369              1
6             11         3.1712      0.0111254              1
6             12        3.15051      0.0154523              1
6             13     0.00353884      0.0490147              1
6             14      0.0110836     0.00458371              1
6             15        3.18776       0.025384              1
6             16        3.16817      0.0413881              1
6             17      0.0437311      0.0383068              1
6             18      0.0426527      0.0160888              1
6             19        3.16791     0.00689258              1
6             20        3.15939     0.00748191              1
6             21      0.0205304     0.00111306              1
6             22      0.0332106     0.00914039              1
6             23        3.19001      0.0302686              1
7              0        3.17378      0.0354258              1
7              1        3.18384      0.0343217              1
7              2     0.00860185     0.00872075              1
7              3       0.019226     0.00419493              1
7              4        3.15449      0.0169958              1
7              5        3.15353      0.0426779              1
7              6      0.0459045      0.0169521              1
7              7    0.000571679      0.0344294              1
7              8        3.17195      0.0224903              1
7              9        3.18125      0.0190162              1
7             10      0.0100161      0.0176462              1
7             11        0.03153    0.000601729              1
7             12        3.17965     0.00184335              1
7             13        3.17311        0.02033              1
7             14      0.0352172      0.0279032              1
7             15      0.0357743      0.0270002              1
7             16        3.17531     0.00279283              1
7             17        3.15788      0.0192405              1
7             18     0.00870609    7.43454e-06              1
7             19      0.0388256      0.0458282              1
7             20        3.17232     0.00608524              1
7             21        3.18028     0.00742355              1
7             22     0.00129673     0.00100514              1
7             23      0.0280656      0.0266836              1
8              0      0.0275157      0.0267546              1
8              1        3.18476      0.0225431              1
8              2        3.16093      0.0106758              1
8              3      0.0293885      0.0167826              1
8              4      0.0459494      0.0492607              1
8              5        3.18244      0.0270079              1
8              6        3.16115      0.0295207              1
8              7      0.0375264     0.00766427              1
8              8      0.0323261      0.0202857              1
8              9        3.17302     0.00756272              1
8             10        3.18054      0.0127143              1
8             11      0.0333366       0.043891              1
8             12      0.0144947      0.0420653              1
8             13        3.14885      0.0187639              1
8             14        3.17713      0.0294973              1
8             15      0.0483123      0.0377056              1
8             16      0.0178183      0.0410833              1
8             17        3.15586      0.0165641              1
8             18        3.18548      0.0473666              1
8             19      0.0395042      0.0262872              1
8             20       0.023291      0.0148058              1
8             21        3.18964      0.0162104              1
8             22        3.18958      0.0278396              1
8             23      0.0141429     0.00843345              1
9              0      0.0391613       0.017602              1
9              1      0.0294822     0.00857966              1
9              2        3.17666      0.0242792              1
9              3        3.17003      0.0116001              1
9              4      0.0127668     0.00572369              1
9              5      0.0365795      0.0160844              1
9              6         3.1478      0.0348164              1
9              7        3.16368      0.0110864              1
9              8      0.0175626      0.0412499              1
9              9      0.0192883     0.00385873              1
9             10        3.14605      0.0335361              1
9             11        3.18941      0.0221018              1
9             12      0.0444522    1.16607e-06              1
9             13      0.0436251      0.0128124              1
9             14        3.14747     0.00649578              1
9             15        3.14687     0.00864968              1
9             16      0.0336255     0.00533854              1
9             17      0.0297658     0.00960799              1
9             18          3.148      0.0334035              1
9             19        3.15399      0.0442857              1
9             20      0.0038154      0.0242551              1
9             21      0.0228783      0.0291659              1
9             22         3.1719      0.0358009              1
9             23        3.15333      0.0125229              1
10              0        3.14218     0.00731901              1
10              1      0.0428521      0.0224611              1
10              2      0.0255611      0.0419126              1
10              3        3.14703      0.0295943              1
10              4        3.18103      0.0340179              1
10              5      0.0218239     0.00881582              1
10              6      0.0443369     0.00302317              1
10              7        3.14909     0.00438629              1
10              8        3.14501      0.0354634              1
10              9      0.0376757      0.0483706              1
10             10      0.0238447      0.0288501              1
10             11         3.1626      0.0168592              1
10             12         3.1492       0.026597              1
10             13       0.023248     0.00376927              1
10             14      0.0476981      0.0347457              1
10             15        3.15701      0.0288358              1
10             16        3.17878      0.0297205              1
10             17      0.0151708      0.0372178              1
10             18      0.0448254      0.0388095              1
10             19        3.15441      0.0480467              1
10             20          3.162       0.035053              1
10             21      0.0355103      0.0489814              1
10             22      0.0324408      0.0304073              1
10             23        3.14859      0.0364193              1
11              0         3.1736      0.0259565              1
11              1        3.18171      0.0470888              1
11              2     0.00557236      0.0447947              1
11              3      0.0106068      0.0440219              1
11              4        3.15148      0.0416976              1
11              5        3.14188      0.0348485              1
11              6     0.00858869      0.0436581              1
11              7      0.0499359      0.0110307              1
11              8        3.15754     0.00298916              1
11              9        3.17106      0.0190693              1
11             10      0.0116514     0.00484772              1
11             11      0.0449849      0.0373968              1
11             12        3.18623      0.0208723              1
11             13        3.15729      0.0150449              1
11             14      0.0392888      0.0293444              1
11             15      0.0188482      0.0183176              1
11             16         3.1786      0.0263046              1
11             17        3.16675      0.0123375              1
11             18       0.038536      0.0194022              1
11             19      0.0236484      0.0353746              1
11             20        3.16715      0.0386412              1
11             21        3.16272      0.0422504              1
11             22     0.00429829      0.0144503              1
11             23      0.0267312       0.038263              1
12              0      0.0272404      0.0223035              1
12              1        3.15264      0.0498947              1
12              2        3.15014      0.0382585              1
12              3      0.0203973      0.0148031              1
12              4     7.3565e-05     0.00322744              1
12              5        3.14531      0.0211437              1
12              6        3.17594      0.0317692              1
12              7      0.0457712     0.00997726              1
12              8     0.00328667      0.0357258              1
12              9        3.16637      0.0480453              1
12             10        3.14667      0.0183211              1
12             11     0.00438871      0.0437556              1
12             12      0.0494001      0.0204687              1
12             13        3.18444      0.0180041              1
12             14        3.14854     0.00165739              1
12             15      0.0427764      0.0116569              1
12             16      0.0405575     0.00470651              1
12             17        3.17359      0.0135195              1
12             18        3.16835      0.0107967              1
12             19      0.0081265      0.0157634              1
12             20      0.0458603      0.0253276              1
12             21        3.16877      0.0418841              1
12             22        3.17641      0.0389696              1
12             23      0.0428403     0.00957396              1
13              0      0.0427353      0.0320694              1
13              1      0.0455412     0.00410474              1
13              2        3.19086      0.0161334              1
13              3        3.15019      0.0453381              1
13              4      0.0391537      0.0445737              1
13              5      0.0163597      0.0184069              1
13              6        3.14286      0.0197962              1
13              7        3.17783      0.0315283              1
13              8      0.0135724      0.0304117              1
13              9      0.0428015      0.0285302              1
13             10        3.17928      0.0128043              1
13             11        3.16708     0.00139422              1
13             12      0.0175652      0.0367718              1
13             13      0.0317712      0.0299407              1
13             14        3.15036      0.0486299              1
13             15        3.16405     0.00196521              1
13             16      0.0127705      0.0456141              1
13             17       0.041433     0.00151819              1
13             18        3.15508      0.0427394              1
13             19        3.17836     0.00177848              1
13             20        0.01818      0.0427138              1
13             21     0.00142613      0.0450717              1
13             22        3.16231      0.0140615              1
13             23        3.18694      0.0466095              1
14              0        3.15194       0.021694              1
14              1      0.0224189     0.00517596              1
14              2     0.00104006     0.00276115              1
14              3        3.18625      0.0316262              1
14              4        3.16432      0.0292236              1
14              5      0.0454198     0.00533796              1
14              6    0.000183295      0.0042169              1
14              7        3.15649      0.0422944              1
14              8        3.17221      0.0244565              1
14              9      0.0304373      0.0159687              1
14             10      0.0124115      0.0321448              1
14             11        3.17833      0.0483946              1
14             12        3.15588      0.0318091              1
14             13      0.0356181      0.0284263              1
14             14     0.00188851      0.0344569              1
14             15        3.14683      0.0049013              1
14             16        3.16903       0.010162              1
14             17      0.0463171    0.000201952              1
14             18      0.0190867      0.0304556              1
14             19        3.16067      0.0332411              1
14             20        3.16679      0.0312259              1
14             21     0.00640821     0.00696329              1
14             22      0.0347887      0.0226117              1
14             23        3.17744     0.00846447              1
15              0         3.1857      0.0130149              1
15              1        3.17839     0.00994471              1
15              2      0.0390106      0.0341483              1
15              3      0.0487677      0.0431906              1
15              4        3.16044      0.0127149              1
15              5        3.18989      0.0435466              1
15              6       0.032467      0.0341467              1
15              7     0.00110304      0.0173562              1
15              8        3.15008     0.00394855              1
15              9        3.14513      0.0315189              1
15             10      0.0095687      0.0256902              1
15             11      0.0172531      0.0146473              1
15             12        3.15146      0.0309853              1
15             13        3.18034      0.0233538              1
15             14      0.0205651      0.0436538              1
15             15      0.0246406      0.0257579              1
15             16        3.15839      0.0350256              1
15             17         3.1641      0.0147784              1
15             18       0.047832      0.0492875              1
15             19      0.0380801       0.026287              1
15             20        3.17962      0.0089355              1
15             21        3.14882      0.0401435              1
15             22      0.0118508      0.0247193              1
15             23      0.0139468      0.0260009              1
16              0      0.0245756      0.0017489              1
16              1        3.17384      0.0405778              1
16              2        3.18722      0.0093352              1
16              3      0.0138648      0.0308146              1
16              4     0.00456917      0.0223009              1
16              5        3.14979      0.0222491              1
16              6        3.14985      0.0135562              1
16              7      0.0343386      0.0284723              1
16              8      0.0189871      0.0180361              1
16              9        3.14243     0.00625631              1
16             10         3.1908     0.00148993              1
16             11       0.046839      0.0409173              1
16             12     0.00698109      0.0255689              1
16             13        3.16884        0.02575              1
16             14        3.15874     0.00300918              1
16             15      0.0280676      0.0141288              1
16             16     0.00428084     0.00925729              1
16             17        3.16023      0.0425947              1
16             18        3.16321      0.0251944              1
16             19      0.0482295       0.012936              1
16             20      0.0145755      0.0415193              1
16             21        3.15467      0.0309595              1
16             22         3.1628      0.0226973              1
16             23      0.0458193      0.0207821              1
17              0      0.0198153      0.0392815              1
17              1      0.0319636     0.00644381              1
17              2        3.18987      0.0246833              1
17              3        3.14734      0.0327815              1
17              4     0.00543978      0.0143635              1
17              5      0.0204083      0.0393965              1
17              6        3.14839      0.0170281              1
17              7        3.16863      0.0170067              1
17              8       0.029712      0.0239749              1
17              9      0.0186652      0.0069169              1
17             10         3.1736      0.0389387              1
17             11        3.16433      0.0130967              1
17             12       0.023796      0.0330794              1
17             13      0.0405216      0.0293428              1
17             14        3.15543     0.00548689              1
17             15        3.14757       0.034248              1
17             16     0.00887762      0.0136148              1
17             17      0.0450882      0.0318315              1
17             18        3.15623      0.0113459              1
17             19        3.14243       0.036871              1
17             20       0.036904      0.0340862              1
17             21      0.0175635      0.0477266              1
17             22        3.14503      0.0381734              1
17             23        3.16111      0.0316841              1
18              0        3.17347      0.0295422              1
18              1      0.0212962       0.032873              1
18              2       0.036245      0.0360584              1
18              3        3.16141     0.00141748              1
18              4        3.18936    8.65906e-05              1
18              5      0.0377983      0.0422374              1
18              6      0.0357151     0.00111922              1
18              7        3.15681      0.0365994              1
18              8        3.16072      0.0459568              1
18              9       0.049254     0.00507408              1
18             10       0.033157      0.0139852              1
18             11        3.17351      0.0202926              1
18             12        3.18612      0.0250076              1
18             13      0.0275188      0.0292286              1
18             14      0.0211944      0.0246043              1
18             15        3.16963       0.038344              1
18             16        3.15649      0.0231126              1
18             17     0.00833562      0.0181135              1
18             18      0.0161825    0.000324589              1
18             19        3.15506     0.00026768              1
18             20        3.17732      0.0167097              1
18             21      0.0207416      0.0412882              1
18             22      0.0153313     0.00077481              1
18             23        3.15765      0.0275118              1
19              0        3.17845     0.00667852              1
19              1         3.1751     0.00689528              1
19              2      0.0329839      0.0166866              1
19              3      0.0267403      0.0497568              1
19              4        3.17192      0.0263264              1
19              5        3.15328      0.0190267              1
19              6       0.016273      0.0112287              1
19              7       0.032759      0.0128275              1
19              8        3.17328      0.0274765              1
19              9        3.16064      0.0312194              1
19             10      0.0207276     0.00656148              1
19             11      0.0355287      0.0103575              1
19             12        3.14605      0.0333192              1
19             13        3.18359      0.0197217              1
19             14      0.0274128       0.019046              1
19             15      0.0217192      0.0379413              1
19             16        3.14284      0.0191979              1
19             17        3.14382      0.0429016              1
19             18       0.043248      0.0092913              1
19             19      0.0289034     0.00606048              1
19             20        3.18139      0.0280927              1
19             21          3.154      0.0304176              1
19             22       0.008654     0.00035496              1
19             23    0.000583881      0.0414982              1
20              0      0.0285639      0.0430295              1
20              1        3.14954     0.00611237              1
20              2        3.16694      0.0408728              1
20              3       0.031073      0.0392293              1
20              4      0.0136377      0.0465359              1
20              5        3.17575      0.0358918              1
20              6        3.16756      0.0235991              1
20              7      0.0276814      0.0348405              1
20              8      0.0179346    0.000140103              1
20              9        3.14398      0.0254159              1
20             10        3.16057       0.020952              1
20             11      0.0243244      0.0441756              1
20             12       0.041039      0.0126181              1
20             13        3.16458      0.0400849              1
20             14        3.17559      0.0182337              1
20             15        0.03948       0.049938              1
20             16      0.0115512     0.00556971              1
20             17        3.16105     0.00931205              1
20             18        3.17665      0.0402147              1
20             19      0.0112755      0.0393283              1
20             20      0.0492614     0.00616983              1
20             21        3.14188     0.00484957              1
20             22        3.18521      0.0088643              1
20             23      0.0267001      0.0224661              1
21              0      0.0490282       0.036889              1
21              1      0.0192387      0.0330065              1
21              2        3.18944     0.00517022              1
21              3        3.15233      0.0291375              1
21              4      0.0192141      0.0147194              1
21              5      0.0357946      0.0302272              1
21              6        3.18281      0.0272103              1
21              7        3.17332      0.0368825              1
21              8      0.0265838      0.0116756              1
21              9     0.00230683      0.0105745              1
21             10         3.1792     0.00126757              1
21             11        3.15912      0.0232749              1
21             12      0.0405013     0.00448331              1
21             13      0.0129518      0.0140944              1
21             14        3.17566     0.00930178              1
21             15        3.14376      0.0118977              1
21             16      0.0010635      0.0270206              1
21             17      0.0211374      0.0346329              1
21             18        3.17066      0.0053869              1
21             19        3.17746        0.04997              1
21             20     0.00631266      0.0106747              1
21             21      0.0342103      0.0359252              1
21             22        3.14823      0.0227581              1
21             23         3.1567      0.0141619              1
22              0        3.16576      0.0467535              1
22              1      0.0338912      0.0174758              1
22              2     0.00274999      0.0484287              1
22              3        3.18353      0.0478125              1
22              4        3.17828      0.0491117              1
22              5      0.0238831       0.010402              1
22              6      0.0428749     0.00619221              1
22              7        3.14588      0.0049383              1
22              8        3.18113      0.0405019              1
22              9      0.0396997      0.0284614              1
22             10      0.0140197       0.016467              1
22             11        3.17202     0.00125748              1
22             12        3.16013     0.00834667              1
22             13      0.0127171      0.0318844              1
22             14     0.00945569      0.0292719              1
22             15        3.17637      0.0192413              1
22             16        3.18579      0.0163624              1
22             17      0.0141713      0.0405518              1
22             18      0.0334373      0.0200542              1
22             19        3.17656      0.0330245              1
22             20        3.17482      0.0370862              1
22             21      0.0239672     0.00438002              1
22             22     0.00587106      0.0199177              1
22             23        3.16836      0.0492291              1
23              0        3.14378      0.0253262              1
23              1        3.14382      0.0139905              1
23              2      0.0203065     0.00544105              1
23              3     0.00876223      0.0415416              1
23              4        3.15902      0.0125784              1
23              5        3.15243      0.0247706              1
23              6      0.0388508     0.00131706              1
23              7      0.0484828      0.0162327              1
23              8        3.16265      0.0377569              1
23              9          3.143      0.0339314              1
23             10     0.00535108      0.0327603              1
23             11      0.0328008     0.00259426              1
23             12        3.18046      0.0420832              1
23             13        3.17636      0.0473132              1
23             14      0.0440997      0.0323395              1
23             15      0.0385436     0.00425995              1
23             16        3.16657      0.0312483              1
23             17        3.16452      0.0251517              1
23             18      0.0317926      0.0284301              1
23             19      0.0464605      0.0128098              1
23             20        3.17724      0.0236551              1
23             21        3.14614      0.0489065              1
23             22      0.0328391      0.0290881              1
23             23      0.0439366      0.0431715              1
