#x              y     Theta(x,y)       Phi(x,y)Moment_Size(x,y)
0              0      0.0242071      0.0458803              1
0              1        3.18945      0.0245882              1
0              2        3.17678      0.0367803              1
0              3       0.017407       0.038636              1
0              4      0.0396782       0.026629              1
0              5        3.18895      0.0243476              1
0              6        3.15821     0.00742335              1
0              7      0.0211088     0.00808601              1
0              8      0.0212219      0.0145936              1
0              9        3.19037      0.0150902              1
0             10        3.15274      0.0438759              1
0             11     0.00719523      0.0458027              1
0             12     0.00415007     0.00837395              1
0             13        3.16782    0.000644295              1
0             14        3.14411      0.0126426              1
0             15       0.043585      0.0332187              1
0             16      0.0447664      0.0399142              1
0             17        3.18194     0.00826588              1
0             18        3.15442      0.0328234              1
0             19      0.0424951      0.0276823              1
0             20      0.0214579      0.0125327              1
0             21        3.15455      0.0454955              1
0             22        3.14945      0.0186463              1
0             23      0.0215762      0.0297424              1
1              0       0.043116      0.0430021              1
1              1      0.0282925     0.00116735              1
1              2         3.1428      0.0411335              1
1              3        3.14474      0.0480759              1
1              4      0.0090731      0.0107775              1
1              5      0.0409136      0.0100189              1
1              6         3.1731       0.035821              1
1              7        3.18982      0.0421379              1
1              8      0.0155523     0.00669097              1
1              9      0.0365465     0.00991657              1
1             10        3.15482     0.00878796              1
1             11        3.18803       0.022199              1
1             12      0.0327316     0.00742482              1
1             13      0.0321317      0.0474559              1
1             14        3.15416     0.00221865              1
1             15        3.14283      0.0200229              1
1             16      0.0033599      0.0481298              1
1             17       0.015283      0.0333328              1
1             18        3.17169      0.0289463              1
1             19        3.14658     0.00279423              1
1             20     0.00670761      0.0245945              1
1             21      0.0184233      0.0194948              1
1             22        3.18699      0.0218573              1
1             23        3.14391     0.00336132              1
2              0        3.15167      0.0320317              1
2              1      0.0402345      0.0221912              1
2              2      0.0423451      0.0445976              1
2              3        3.15576      0.0466873              1
2              4        3.17444      0.0435909              1
2              5      0.0198933      0.0150148              1
2              6      0.0351717     0.00907048              1
2              7        3.17292      0.0173609              1
2              8        3.15894      0.0101853              1
2              9      0.0343784      0.0293861              1
2             10      0.0244225      0.0247194              1
2             11        3.15898      0.0433426              1
2             12        3.15865      0.0287275              1
2             13      0.0431307      0.0337378              1
2             14      0.0392208      0.0152962              1
2             15        3.16324      0.0202991              1
2             16        3.15381     0.00533377              1
2             17      0.0171758      0.0429905              1
2             18      0.0453394      0.0218594              1
2             19        3.16996      0.0259596              1
2             20        3.17886     0.00236841              1
2             21     0.00243379      0.0486488              1
2             22     0.00376739      0.0477879              1
2             23        3.16718     0.00571959              1
3              0          3.157      0.0231538              1
3              1         3.1527      0.0342708              1
3              2      0.0212483      0.0432636              1
3              3      0.0308711      0.0357289              1
3              4        3.14967      0.0271106              1
3              5        3.17403       0.016354              1
3              6        0.02966      0.0278241              1
3              7      0.0392882     0.00063195              1
3              8        3.19072      0.0410964              1
3              9        3.15624      0.0423118              1
3             10      0.0295807      0.0349569              1
3             11        0.03505      0.0343311              1
3             12        3.18163      0.0447311              1
3             13        3.14779       0.022379              1
3             14     0.00247883      0.0199364              1
3             15      0.0396973      0.0283147              1
3             16        3.15912      0.0374061              1
3             17        3.14505      0.0399039              1
3             18      0.0345777      0.0454483              1
3             19    0.000621441      0.0379594              1
3             20        3.18483      0.0357191              1
3             21        3.17103      0.0286729              1
3             22       0.011643      0.0217263              1
3             23      0.0307863      0.0169902              1
4              0      0.0412327      0.0287967              1
4              1        3.16878     0.00630481              1
4              2        3.15721      0.0306066              1
4              3      0.0483628      0.0469709              1
4              4      0.0490689      0.0482514              1
4              5        3.15269      0.0208856              1
4              6        3.15737       0.044827              1
4              7       0.038501      0.0453377              1
4              8      0.0238352      0.0237724              1
4              9        3.16846      0.0381325              1
4             10         3.1493      0.0264387              1
4             11     0.00488853      0.0139676              1
4             12       0.019186     0.00382102              1
4             13        3.16543      0.0304423              1
4             14        3.17099     0.00561845              1
4             15    0.000832702      0.0499216              1
4             16      0.0141727      0.0312162              1
4             17        3.19005      0.0377402              1
4             18        3.15545      0.0333303              1
4             19      0.0309999      0.0190655              1
4             20     0.00577388      0.0433297              1
4             21        3.18172      0.0117033              1
4             22        3.15469      0.0299183              1
4             23      0.0223222      0.0347369              1
5              0      0.0285367      0.0471882              1
5              1      0.0259855      0.0499858              1
5              2        3.18276      0.0139072              1
5              3        3.16806     0.00502299              1
5              4       0.027876     0.00550219              1
5              5      0.0462297      0.0428078              1
5              6         3.1895      0.0121142              1
5              7         3.1549       0.039278              1
5              8      0.0437129      0.0385354              1
5              9     0.00126626     0.00422718              1
5             10        3.17868      0.0183227              1
5             11        3.14443      0.0237394              1
5             12       0.027713      0.0346975              1
5             13     0.00213478     0.00396056              1
5             14        3.15763      0.0375311              1
5             15        3.17754      0.0274782              1
5             16      0.0171576      0.0184428              1
5             17      0.0326028      0.0445684              1
5             18        3.15168       0.033033              1
5             19        3.18438      0.0374954              1
5             20      0.0412149      0.0322235              1
5             21      0.0126865       0.048414              1
5             22        3.14857      0.0131924              1
5             23        3.17599      0.0428739              1
6              0        3.18624      0.0214499              1
6              1      0.0404438      0.0131326              1
6              2     0.00696317     0.00671119              1
6              3         3.1719      0.0317734              1
6              4        3.14681     0.00453396              1
6              5      0.0296518      0.0254193              1
6              6      0.0259831     0.00404959              1
6              7        3.18433     0.00667759              1
6              8        3.14222      0.0148706              1
6              9      0.0380582      0.0108344              1
6             10    1.59309e-05      0.0214569              1
6             11         3.1669    2.76059e-05              1
6             12        3.14779      0.0326764              1
6             13      0.0375202      0.0205295              1
6             14      0.0475798      0.0215195              1
6             15        3.14196      0.0187017              1
6             16        3.15011      0.0485191              1
6             17     0.00828169      0.0358883              1
6             18      0.0209265      0.0482014              1
6             19        3.15259      0.0241446              1
6             20        3.17319      0.0387965              1
6             21      0.0292865     0.00850787              1
6             22       0.033644      0.0285821              1
6             23        3.18013     0.00168144              1
7              0         3.1631     0.00212567              1
7              1        3.14375     0.00315261              1
7              2      0.0478711      0.0405904              1
7              3      0.0311106    0.000482604              1
7              4        3.15273      0.0324139              1
7              5        3.18227     0.00387006              1
7              6      0.0302186      0.0279175              1
7              7      0.0117373      0.0339466              1
7              8        3.18715      0.0413033              1
7              9        3.14672     0.00178611              1
7             10      0.0364509     0.00237261              1
7             11      0.0131179      0.0192703              1
7             12        3.16892      0.0327478              1
7             13        3.16365      0.0281269              1
7             14     0.00355429      0.0152828              1
7             15      0.0470315      0.0333453              1
7             16        3.14764       0.019846              1
7             17        3.15394      0.0295156              1
7             18      0.0435186      0.0290947              1
7             19      0.0150955       0.034576              1
7             20        3.16175      0.0487732              1
7             21        3.18353      0.0338192              1
7             22     0.00305754      0.0135464              1
7             23       0.016467      0.0271314              1
8              0      0.0161779      0.0236805              1
8              1        3.14404      0.0328101              1
8              2        3.16853      0.0208383              1
8              3      0.0289624      0.0168947              1
8              4      0.0485216      0.0471732              1
8              5        3.15919      0.0129366              1
8              6        3.15532      0.0278302              1
8              7      0.0078587      0.0407952              1
8              8     0.00666962       0.023999              1
8              9        3.17931      0.0080337              1
8             10        3.16092      0.0231555              1
8             11      0.0317305      0.0218688              1
8             12      0.0315838      0.0433139              1
8             13        3.17663     0.00132511              1
8             14        3.17125      0.0113784              1
8             15      0.0254071      0.0247993              1
8             16      0.0286786     0.00357688              1
8             17         3.1683     0.00913583              1
8             18        3.15742       0.039976              1
8             19       0.022505      0.0406487              1
8             20      0.0259076      0.0396701              1
8             21        3.14456    0.000147211              1
8             22        3.18939      0.0444219              1
8             23      0.0395125      0.0147774              1
9              0      0.0241754      0.0461966              1
9              1      0.0411938      0.0330188              1
9              2        3.15205      0.0491774              1
9              3        3.15858      0.0246477              1
9              4      0.0147393     0.00984528              1
9              5      0.0350803      0.0334597              1
9              6        3.17331     0.00142981              1
9              7        3.18731      0.0126919              1
9              8      0.0122663      0.0408833              1
9              9      0.0373918      0.0125331              1
9             10        3.16235      0.0455326              1
9             11        3.16975      0.0421077              1
9             12     0.00422973      0.0214007              1
9             13     0.00416457      0.0247048              1
9             14        3.17185      0.0049152              1
9             15        3.18414     0.00714794              1
9             16      0.0205317     0.00363824              1
9             17      0.0064109       0.033723              1
9             18         3.1613     0.00617434              1
9             19        3.15313      0.0478442              1
9             20      0.0479035      0.0184278              1
9             21      0.0338449      0.0319976              1
9             22        3.17822      0.0290863              1
9             23        3.17089      0.0241405              1
10              0         3.1572      0.0161466              1
10              1      0.0310481      0.0270751              1
10              2      0.0485547      0.0389149              1
10              3        3.17234     0.00900144              1
10              4        3.15704      0.0137541              1
10              5      0.0486204       0.008971              1
10              6      0.0161544      0.0220328              1
10              7        3.17044      0.0430964              1
10              8        3.15912      0.0339889              1
10              9      0.0311223      0.0177661              1
10             10      0.0231644     0.00650835              1
10             11         3.1872     0.00750716              1
10             12        3.15634      0.0118288              1
10             13      0.0321452      0.0459617              1
10             14      0.0100156      0.0222741              1
10             15        3.18639      0.0226782              1
10             16        3.16754      0.0117397              1
10             17         0.0384      0.0239915              1
10             18       0.010178      0.0285405              1
10             19        3.17864      0.0149555              1
10             20        3.16456     0.00403341              1
10             21      0.0208144     0.00338982              1
10             22     0.00740489      0.0155276              1
10             23        3.14783      0.0300315              1
11              0        3.18478      0.0257606              1
11              1        3.16231      0.0128145              1
11              2       0.033746      0.0404287              1
11              3      0.0417098      0.0172971              1
11              4         3.1842      0.0116083              1
11              5         3.1438      0.0385299              1
11              6      0.0444349      0.0281034              1
11              7      0.0367046      0.0465874              1
11              8        3.16347     0.00719531              1
11              9        3.14668      0.0141811              1
11             10      0.0131557      0.0314614              1
11             11     0.00647551    0.000165198              1
11             12        3.14839      0.0199931              1
11             13        3.18007      0.0187739              1
11             14      0.0375462      0.0474944              1
11             15      0.0374772      0.0425563              1
11             16        3.17344      0.0403449              1
11             17          3.149      0.0122208              1
11             18      0.0111022      0.0459314              1
11             19      0.0050504      0.0336373              1
11             20         3.1601      0.0391748              1
11             21        3.15569      0.0263665              1
11             22      0.0407356      0.0383884              1
11             23      0.0287976      0.0328025              1
12              0      0.0467123     0.00355993              1
12              1        3.16891      0.0121712              1
12              2        3.15293     0.00631902              1
12              3      0.0478478      0.0388697              1
12              4      0.0251673     0.00157836              1
12              5        3.16076      0.0226934              1
12              6        3.16288      0.0496399              1
12              7      0.0461055      0.0303772              1
12              8     0.00537687      0.0370943              1
12              9        3.14552      0.0390705              1
12             10        3.18711      0.0183662              1
12             11      0.0499743      0.0407458              1
12             12     0.00422901      0.0278691              1
12             13        3.16016      0.0148455              1
12             14         3.1506      0.0113749              1
12             15      0.0330489      0.0197137              1
12             16      0.0479562       0.019082              1
12             17        3.14674     0.00261638              1
12             18        3.19024     0.00722739              1
12             19       0.021596      0.0342677              1
12             20      0.0306577      0.0494833              1
12             21        3.16822      0.0332963              1
12             22        3.14585      0.0254574              1
12             23     0.00716005      0.0135655              1
13              0      0.0100966      0.0031585              1
13              1    0.000263518      0.0303137              1
13              2        3.14885       0.045344              1
13              3        3.19088      0.0290746              1
13              4     0.00122637      0.0180059              1
13              5     0.00952624      0.0134709              1
13              6        3.17354      0.0175201              1
13              7        3.14416      0.0482707              1
13              8      0.0296202       0.040084              1
13              9      0.0084011      0.0372834              1
13             10        3.19142      0.0221815              1
13             11        3.17302    0.000431882              1
13             12     0.00868488      0.0439734              1
13             13      0.0027113      0.0118479              1
13             14        3.17359      0.0246092              1
13             15        3.17662     0.00242727              1
13             16      0.0412728      0.0290894              1
13             17      0.0172932      0.0142442              1
13             18        3.16827      0.0323952              1
13             19        3.19152      0.0482912              1
13             20      0.0106816      0.0274517              1
13             21      0.0161326      0.0452003              1
13             22        3.14448     0.00140615              1
13             23        3.14196     0.00791984              1
14              0        3.15611      0.0122544              1
14              1      0.0290928      0.0251915              1
14              2      0.0114337      0.0346732              1
14              3        3.14601      0.0244909              1
14              4        3.15469     0.00201313              1
14              5      0.0415865      0.0356805              1
14              6      0.0312346      0.0390429              1
14              7        3.15367      0.0138364              1
14              8        3.15044      0.0193282              1
14              9      0.0482394      0.0178988              1
14             10       0.039742      0.0303424              1
14             11        3.16821      0.0314266              1
14             12        3.17767      0.0359832              1
14             13      0.0487724     0.00914336              1
14             14      0.0383964      0.0161342              1
14             15        3.18342      0.0466189              1
14             16        3.15426      0.0217367              1
14             17      0.0129939      0.0476826              1
14             18     0.00564853     0.00147023              1
14             19        3.16175    9.67487e-05              1
14             20        3.18877      0.0275271              1
14             21      0.0254088       0.021883              1
14             22      0.0356835      0.0132428              1
14             23        3.14207      0.0340529              1
15              0        3.17556      0.0293113              1
15              1        3.17868      0.0474712              1
15              2      0.0293789      0.0432891              1
15              3       0.048736       0.022062              1
15              4        3.14735      0.0386137              1
15              5        3.16609      0.0108772              1
15              6      0.0179679      0.0397787              1
15              7       0.027563      0.0488216              1
15              8        3.16554      0.0384109              1
15              9        3.16356     0.00263631              1
15             10       0.019813      0.0181992              1
15             11      0.0129564      0.0332603              1
15             12        3.17713      0.0323754              1
15             13         3.1507     0.00748969              1
15             14     0.00721319      0.0387714              1
15             15     0.00963979       0.021687              1
15             16        3.16522      0.0219159              1
15             17        3.16998     0.00245749              1
15             18      0.0132784      0.0298193              1
15             19      0.0432177      0.0110962              1
15             20        3.17618      0.0234691              1
15             21        3.14836      0.0117554              1
15             22      0.0161488       0.021019              1
15             23      0.0418288      0.0197818              1
16              0      0.0231652      0.0115769              1
16              1        3.18813       0.028063              1
16              2        3.19063      0.0381873              1
16              3      0.0470072      0.0138096              1
16              4      0.0348927      0.0200296              1
16              5        3.17586      0.0285572              1
16              6        3.18589     0.00840838              1
16              7     0.00541426      0.0315014              1
16              8      0.0347793     0.00897946              1
16              9        3.17036      0.0016228              1
16             10        3.17648      0.0431306              1
16             11      0.0165571       0.039985              1
16             12     0.00346112      0.0161965              1
16             13        3.18464       0.028312              1
16             14        3.14627      0.0426824              1
16             15      0.0247398     0.00900807              1
16             16      0.0286316      0.0256712              1
16             17        3.18295       0.015165              1
16             18          3.166      0.0420177              1
16             19      0.0330466     0.00236906              1
16             20     0.00850818      0.0452456              1
16             21        3.15145      0.0036082              1
16             22        3.14787      0.0232069              1
16             23      0.0262476      0.0105028              1
17              0      0.0141308      0.0100453              1
17              1      0.0363194      0.0122185              1
17              2        3.16061       0.016441              1
17              3        3.16007     0.00941146              1
17              4      0.0353005      0.0448769              1
17              5      0.0213895      0.0124025              1
17              6         3.1426      0.0303416              1
17              7        3.17817      0.0366195              1
17              8      0.0499929      0.0297063              1
17              9      0.0288735      0.0156256              1
17             10        3.15399      0.0031299              1
17             11        3.15526      0.0207305              1
17             12      0.0182724      0.0220508              1
17             13      0.0225368      0.0485819              1
17             14        3.15243      0.0473966              1
17             15        3.17362      0.0351321              1
17             16    0.000583612     0.00512036              1
17             17      0.0196677      0.0489393              1
17             18        3.18977      0.0145133              1
17             19        3.16895      0.0481498              1
17             20     0.00695053     0.00510057              1
17             21      0.0328432     0.00937331              1
17             22        3.16818     0.00160557              1
17             23        3.16697       0.046603              1
18              0        3.16785       0.035378              1
18              1      0.0415739       0.024794              1
18              2      0.0162198      0.0127778              1
18              3        3.15528      0.0385819              1
18              4        3.15732      0.0448694              1
18              5      0.0240417     0.00808227              1
18              6      0.0314106      0.0081004              1
18              7        3.15437      0.0472018              1
18              8        3.17656     0.00178664              1
18              9      0.0106082      0.0349487              1
18             10     0.00751513      0.0424994              1
18             11        3.18724      0.0255914              1
18             12        3.15581      0.0168942              1
18             13      0.0485125      0.0461571              1
18             14     0.00978492      0.0445953              1
18             15        3.14675      0.0174914              1
18             16        3.15039     0.00576523              1
18             17     0.00651345      0.0298513              1
18             18      0.0428287      0.0340822              1
18             19        3.17813      0.0314029              1
18             20        3.17947      0.0228031              1
18             21      0.0204659     0.00619914              1
18             22      0.0156658      0.0129635              1
18             23        3.17818      0.0277258              1
19              0        3.14849     0.00503355              1
19              1         3.1879       0.023757              1
19              2      0.0462878     0.00779182              1
19              3      0.0355098      0.0391077              1
19              4        3.17679      0.0357111              1
19              5        3.19086      0.0209606              1
19              6      0.0373918      0.0123507              1
19              7       0.044676      0.0478047              1
19              8        3.15312      0.0341758              1
19              9        3.14399      0.0430156              1
19             10     0.00798985      0.0205014              1
19             11      0.0192856      0.0441323              1
19             12        3.14969      0.0219168              1
19             13        3.17792      0.0134037              1
19             14       0.023895      0.0300146              1
19             15      0.0456503      0.0335526              1
19             16        3.17892      0.0479781              1
19             17        3.17193      0.0443257              1
19             18      0.0412371      0.0316771              1
19             19      0.0256256      0.0194427              1
19             20         3.1771     0.00691504              1
19             21        3.18806       0.022901              1
19             22      0.0125739     0.00828042              1
19             23      0.0227202     0.00686933              1
20              0      0.0257347      0.0131355              1
20              1        3.17221      0.0317368              1
20              2        3.14328      0.0073126              1
20              3      0.0148766      0.0463676              1
20              4      0.0396508      0.0256657              1
20              5        3.17712    0.000869962              1
20              6        3.15539      0.0100365              1
20              7     0.00612624      0.0475894              1
20              8     0.00857399     0.00068681              1
20              9        3.17006      0.0164452              1
20             10         3.1675      0.0173842              1
20             11      0.0259635      0.0266901              1
20             12     0.00276185      0.0226789              1
20             13        3.18642      0.0165325              1
20             14          3.144      0.0473153              1
20             15     0.00488622      0.0413933              1
20             16      0.0220328      0.0456075              1
20             17        3.14726      0.0218216              1
20             18        3.18091     0.00831153              1
20             19      0.0284854      0.0168895              1
20             20      0.0183064      0.0478704              1
20             21        3.17963      0.0197572              1
20             22        3.16403       0.022691              1
20             23      0.0281359     0.00583069              1
21              0      0.0317431      0.0106727              1
21              1      0.0134453       0.024373              1
21              2        3.18367      0.0149549              1
21              3         3.1418      0.0456371              1
21              4      0.0137909      0.0468753              1
21              5      0.0165493      0.0371437              1
21              6        3.19099      0.0404085              1
21              7        3.14871      0.0280911              1
21              8      0.0478609    0.000352084              1
21              9     0.00643102      0.0421255              1
21             10        3.14908    0.000554771              1
21             11        3.15907      0.0368046              1
21             12      0.0483565      0.0195618              1
21             13     0.00898735      0.0240832              1
21             14        3.15027      0.0471182              1
21             15        3.16546       0.040851              1
21             16      0.0046759       0.011343              1
21             17     0.00120556       0.026695              1
21             18        3.15651     0.00228329              1
21             19        3.15261      0.0333563              1
21             20      0.0296009      0.0453535              1
21             21      0.0380742      0.0128031              1
21             22         3.1674      0.0201675              1
21             23        3.15584      0.0322857              1
22              0         3.1718      0.0343943              1
22              1      0.0439021      0.0111256              1
22              2     0.00222666      0.0412274              1
22              3        3.15125      0.0346179              1
22              4        3.16953     0.00497035              1
22              5     0.00974664      0.0279523              1
22              6      0.0154173      0.0146781              1
22              7        3.16043     0.00915364              1
22              8        3.14534       0.025764              1
22              9      0.0400772    1.72331e-05              1
22             10       0.024697    0.000851777              1
22             11        3.16617     0.00997915              1
22             12        3.16781     0.00550145              1
22             13      0.0302782      0.0200738              1
22             14      0.0107377      0.0174573              1
22             15        3.15454       0.017092              1
22             16         3.1703    0.000268704              1
22             17      0.0353179     0.00604534              1
22             18      0.0178732      0.0105596              1
22             19        3.15649     0.00251793              1
22             20        3.14774      0.0274432              1
22             21       0.019903      0.0157092              1
22             22      0.0162096      0.0170733              1
22             23        3.18712      0.0269972              1
23              0        3.18384      0.0417338              1
23              1        3.16668      0.0323588              1
23              2      0.0263764       0.017992              1
23              3     0.00268088      0.0442777              1
23              4        3.14932      0.0177811              1
23              5        3.14275      0.0130634              1
23              6     0.00880375      0.0145362              1
23              7      0.0012979      0.0461702              1
23              8        3.14782       0.047969              1
23              9        3.17507       0.020859              1
23             10      0.0216951      0.0359045              1
23             11     0.00571256     0.00827205              1
23             12         3.1788      0.0126439              1
23             13         3.1447      0.0238785              1
23             14    0.000919134     0.00624219              1
23             15     0.00202142      0.0247814              1
23             16        3.17796      0.0221677              1
23             17        3.15194     0.00662695              1
23             18      0.0168522     0.00331035              1
23             19      0.0327932     0.00344752              1
23             20        3.17122      0.0405717              1
23             21        3.18214      0.0129004              1
23             22       0.032665      0.0239539              1
23             23      0.0472141      0.0317055              1
