#x              y     Theta(x,y)       Phi(x,y)Moment_Size(x,y)
0              0      0.0336532     0.00192473              1
0              1        3.18936      0.0454657              1
0              2        3.14456      0.0235608              1
0              3      0.0220633      0.0321313              1
0              4     0.00857437      0.0326093              1
0              5        3.19064      0.0398328              1
0              6        3.15957      0.0290691              1
0              7     0.00180715        0.03788              1
0              8      0.0361742      0.0262269              1
0              9        3.14634      0.0166466              1
0             10        3.18872    0.000181137              1
0             11      0.0441103      0.0490904              1
0             12      0.0484617      0.0244823              1
0             13        3.17309      0.0207635              1
0             14        3.18272      0.0495474              1
0             15     0.00957424      0.0148932              1
0             16      0.0160294      0.0335174              1
0             17        3.15726     0.00901756              1
0             18        3.17651      0.0236352              1
0             19      0.0406472      0.0421862              1
0             20     0.00619684      0.0215252              1
0             21        3.17405      0.0231684              1
0             22        3.19023     0.00366038              1
0             23      0.0208331      0.0458029              1
1              0      0.0112644      0.0337966              1
1              1      0.0168293      0.0134817              1
1              2        3.16359     0.00256789              1
1              3        3.18705     0.00256226              1
1              4      0.0147138      0.0457394              1
1              5      0.0189999      0.0239261              1
1              6        3.15703      0.0278035              1
1              7        3.18914      0.0409006              1
1              8      0.0153293      0.0395974              1
1              9      0.0437009      0.0427676              1
1             10        3.19049      0.0373623              1
1             11        3.14337      0.0110431              1
1             12      0.0193527      0.0261433              1
1             13      0.0499944      0.0460291              1
1             14         3.1788      0.0418173              1
1             15        3.16175      0.0238843              1
1             16     0.00814893      0.0403437              1
1             17      0.0447573      0.0163761              1
1             18        3.15965      0.0484007              1
1             19        3.16872      0.0439378              1
1             20      0.0384846     0.00755843              1
1             21     0.00773888      0.0275596              1
1             22        3.17117      0.0261081              1
1             23        3.14952      0.0265696              1
2              0        3.14611     0.00481712              1
2              1      0.0297787      0.0126492              1
2              2      0.0102381      0.0414474              1
2              3        3.16974     0.00262737              1
2              4        3.17696     0.00460755              1
2              5      0.0497053      0.0448219              1
2              6      0.0195059      0.0106991              1
2              7        3.16255      0.0113971              1
2              8        3.15276      0.0463233              1
2              9      0.0430154      0.0101718              1
2             10      0.0338734      0.0302222              1
2             11        3.17149      0.0279598              1
2             12        3.17178      0.0201069              1
2             13      0.0162328      0.0204258              1
2             14      0.0349791     0.00427832              1
2             15        3.15984      0.0331517              1
2             16        3.16567      0.0115646              1
2             17      0.0410126      0.0288323              1
2             18    0.000225002      0.0387678              1
2             19        3.16002      0.0402238              1
2             20        3.14641     0.00267034              1
2             21      0.0453917      0.0492121              1
2             22      0.0321753      0.0166522              1
2             23        3.18087      0.0388002              1
3              0        3.14808       0.034389              1
3              1        3.18472      0.0343146              1
3              2    0.000617535      0.0406409              1
3              3        0.02003     0.00902005              1
3              4        3.17484      0.0205326              1
3              5        3.15184     0.00103442              1
3              6      0.0437472      0.0173322              1
3              7     0.00191219      0.0196873              1
3              8        3.18793      0.0170596              1
3              9        3.16685       0.029774              1
3             10      0.0303545      0.0319039              1
3             11       0.030772      0.0279835              1
3             12        3.16289       0.035889              1
3             13         3.1755      0.0171735              1
3             14      0.0240379      0.0448424              1
3             15      0.0458222      0.0200833              1
3             16        3.17685      0.0242894              1
3             17         3.1886      0.0284063              1
3             18      0.0146872        0.03582              1
3             19      0.0291601      0.0320461              1
3             20        3.18235      0.0453492              1
3             21        3.16995      0.0167607              1
3             22      0.0358653      0.0349652              1
3             23      0.0138289      0.0437109              1
4              0      0.0396987      0.0109779              1
4              1        3.15206      0.0317565              1
4              2        3.16404      0.0181165              1
4              3      0.0083002      0.0149607              1
4              4      0.0330424      0.0161251              1
4              5        3.15974     0.00684543              1
4              6        3.18987      0.0152941              1
4              7      0.0197189      0.0370508              1
4              8      0.0393761      0.0147823              1
4              9        3.15492      0.0330154              1
4             10        3.15852      0.0304065              1
4             11      0.0443437      0.0223207              1
4             12      0.0280802      0.0394243              1
4             13        3.19017      0.0280291              1
4             14        3.18849    0.000820297              1
4             15      0.0381546      0.0340252              1
4             16      0.0363955      0.0234968              1
4             17        3.16862      0.0297949              1
4             18        3.16598      0.0270825              1
4             19      0.0450246      0.0365691              1
4             20      0.0310123      0.0345892              1
4             21        3.18619      0.0439764              1
4             22        3.16698     0.00306918              1
4             23       0.031694      0.0302914              1
5              0     0.00259834       0.028584              1
5              1       0.047895      0.0224097              1
5              2        3.17998      0.0486284              1
5              3        3.15881      0.0103745              1
5              4       0.045287      0.0370161              1
5              5      0.0392179     0.00764744              1
5              6        3.17223    0.000174649              1
5              7        3.18967      0.0217237              1
5              8      0.0279392      0.0332696              1
5              9      0.0248562      0.0322554              1
5             10        3.14778      0.0350847              1
5             11        3.14517      0.0103216              1
5             12      0.0466141      0.0415162              1
5             13      0.0367681      0.0166063              1
5             14        3.14392      0.0043568              1
5             15         3.1733      0.0135139              1
5             16      0.0396371      0.0382336              1
5             17       0.029047     0.00554872              1
5             18        3.14206      0.0385359              1
5             19        3.18799      0.0185333              1
5             20      0.0310682      0.0158289              1
5             21      0.0135932      0.0247083              1
5             22        3.16857     0.00661475              1
5             23        3.14946      0.0159043              1
6              0        3.15558      0.0462258              1
6              1      0.0152853     0.00131413              1
6              2      0.0222835       0.036621              1
6              3        3.18969      0.0249151              1
6              4        3.15597      0.0151789              1
6              5      0.0309564      0.0098011              1
6              6      0.0380163      0.0290623              1
6              7        3.16117      0.0170367              1
6              8        3.18096       0.021729              1
6              9     0.00355796      0.0196117              1
6             10      0.0102549      0.0321333              1
6             11        3.15718      0.0357429              1
6             12        3.18897    0.000902856              1
6             13     0.00786101      0.0439751              1
6             14      0.0110531     0.00592601              1
6             15        3.14211     0.00220621              1
6             16        3.15704      0.0275927              1
6             17      0.0407676      0.0488275              1
6             18       0.027849       0.015225              1
6             19        3.14743       0.043617              1
6             20         3.1867      0.0193697              1
6             21     0.00865729      0.0301564              1
6             22     0.00353646       0.030234              1
6             23        3.15898    0.000380638              1
7              0        3.15574      0.0150012              1
7              1         3.1726      0.0223944              1
7              2      0.0222277      0.0398094              1
7              3      0.0350837     0.00140006              1
7              4        3.17718      0.0376768              1
7              5        3.18233       0.010596              1
7              6      0.0145359      0.0071642              1
7              7      0.0106293       0.036566              1
7              8        3.17155      0.0367473              1
7              9        3.18024       0.044291              1
7             10      0.0205843        0.01476              1
7             11      0.0354233      0.0239441              1
7             12        3.18207      0.0275292              1
7             13        3.16968       0.032917              1
7             14      0.0257426      0.0336121              1
7             15      0.0199058     0.00364074              1
7             16        3.18594      0.0073472              1
7             17        3.18466     0.00425227              1
7             18      0.0154114      0.0128175              1
7             19      0.0465494      0.0101189              1
7             20        3.17547      0.0425954              1
7             21        3.16822      0.0340966              1
7             22       0.045922      0.0408022              1
7             23      0.0105943     0.00558677              1
8              0     0.00736662      0.0221468              1
8              1        3.15561      0.0374907              1
8              2        3.17535      0.0102302              1
8              3     0.00390522      0.0213341              1
8              4      0.0125182      0.0405854              1
8              5        3.17094      0.0349555              1
8              6        3.16975       0.018905              1
8              7    0.000338531      0.0239044              1
8              8      0.0268508     0.00886526              1
8              9        3.16371      0.0022374              1
8             10        3.15226      0.0378907              1
8             11      0.0227774      0.0336705              1
8             12      0.0170009      0.0499508              1
8             13        3.16206      0.0266726              1
8             14        3.19087     0.00968951              1
8             15      0.0094034      0.0176206              1
8             16      0.0112184      0.0273558              1
8             17        3.16156      0.0454477              1
8             18        3.18467      0.0152259              1
8             19      0.0320619      0.0284255              1
8             20      0.0291506      0.0311296              1
8             21        3.16796      0.0325725              1
8             22        3.14996     0.00327513              1
8             23      0.0388652      0.0381351              1
9              0      0.0483455      0.0422424              1
9              1      0.0356042      0.0394285              1
9              2         3.1754     0.00979537              1
9              3        3.15479      0.0386893              1
9              4      0.0196455      0.0356081              1
9              5      0.0327646       0.016924              1
9              6        3.14491    0.000515386              1
9              7         3.1655      0.0498436              1
9              8      0.0193273      0.0441592              1
9              9     0.00210522     0.00420501              1
9             10        3.14214      0.0211503              1
9             11        3.15738      0.0421114              1
9             12      0.0300173      0.0151939              1
9             13      0.0304478      0.0486601              1
9             14        3.18547      0.0207852              1
9             15        3.17938     0.00837696              1
9             16      0.0328554      0.0441916              1
9             17      0.0382453      0.0313198              1
9             18        3.14651      0.0101176              1
9             19        3.16704      0.0164493              1
9             20       0.047247     0.00758464              1
9             21      0.0232916      0.0350888              1
9             22        3.18176     0.00501215              1
9             23        3.15881      0.0238065              1
10              0        3.16279      0.0393543              1
10              1      0.0206489      0.0103051              1
10              2      0.0253421      0.0331224              1
10              3        3.18189      0.0186884              1
10              4         3.1731      0.0231477              1
10              5      0.0197075     0.00206515              1
10              6      0.0178544      0.0193744              1
10              7         3.1612     0.00230214              1
10              8          3.176      0.0245934              1
10              9      0.0128014      0.0261566              1
10             10      0.0258772     0.00756827              1
10             11         3.1785      0.0336732              1
10             12        3.18851      0.0129158              1
10             13     0.00140754      0.0167169              1
10             14      0.0172502      0.0408831              1
10             15        3.15995     0.00375018              1
10             16        3.18855      0.0386484              1
10             17      0.0487079      0.0148956              1
10             18      0.0299612      0.0464268              1
10             19        3.17267     0.00640093              1
10             20        3.18258      0.0260874              1
10             21      0.0125411      0.0273537              1
10             22      0.0211953        0.02161              1
10             23        3.18858      0.0486719              1
11              0         3.1459      0.0251157              1
11              1        3.16139      0.0363154              1
11              2       0.015294      0.0262882              1
11              3      0.0350256      0.0046364              1
11              4        3.15171      0.0141473              1
11              5        3.19006      0.0468072              1
11              6       0.016477      0.0391388              1
11              7       0.048721      0.0480253              1
11              8        3.15544      0.0423793              1
11              9        3.17305      0.0159077              1
11             10      0.0201344      0.0159682              1
11             11    0.000701415       0.009991              1
11             12        3.15167      0.0275941              1
11             13        3.16043      0.0276209              1
11             14      0.0440109       0.029135              1
11             15      0.0315294      0.0203485              1
11             16        3.15365      0.0203713              1
11             17        3.14795     0.00972804              1
11             18      0.0147179      0.0452022              1
11             19      0.0475439       0.006011              1
11             20        3.14766      0.0312823              1
11             21        3.15288      0.0305819              1
11             22      0.0457426      0.0257093              1
11             23      0.0443701      0.0159785              1
12              0      0.0133092      0.0366444              1
12              1        3.14507     0.00356129              1
12              2        3.16391     0.00424024              1
12              3      0.0209903      0.0317204              1
12              4      0.0397552     0.00507911              1
12              5        3.14727    0.000935037              1
12              6         3.1789      0.0364744              1
12              7       0.010532      0.0453863              1
12              8     0.00423715      0.0363279              1
12              9         3.1886       0.044385              1
12             10        3.15252      0.0156175              1
12             11     0.00463448      0.0310222              1
12             12      0.0243937      0.0226969              1
12             13        3.18318      0.0346698              1
12             14         3.1518    0.000263244              1
12             15      0.0125853      0.0451113              1
12             16      0.0420117      0.0185172              1
12             17        3.17985     0.00566158              1
12             18        3.17923     0.00215025              1
12             19     0.00222019      0.0149539              1
12             20      0.0317556      0.0127125              1
12             21        3.16348       0.011933              1
12             22        3.17369      0.0310729              1
12             23      0.0390597      0.0433639              1
13              0      0.0104928      0.0245055              1
13              1      0.0266497      0.0140672              1
13              2        3.16571      0.0158455              1
13              3         3.1518      0.0276289              1
13              4      0.0346129      0.0318288              1
13              5      0.0380129      0.0496348              1
13              6        3.15676       0.036805              1
13              7        3.16705      0.0249585              1
13              8      0.0208419      0.0223601              1
13              9     0.00539701      0.0225003              1
13             10          3.163      0.0336161              1
13             11        3.16509     0.00769942              1
13             12       0.026333      0.0309504              1
13             13      0.0340788      0.0395956              1
13             14        3.18985      0.0199903              1
13             15         3.1825      0.0318597              1
13             16      0.0106542      0.0391437              1
13             17      0.0309985      0.0407943              1
13             18        3.15174       0.026188              1
13             19        3.15524      0.0425974              1
13             20     0.00809335      0.0290151              1
13             21      0.0144875      0.0171983              1
13             22        3.18863     0.00521162              1
13             23        3.17702      0.0196927              1
14              0        3.14388       0.034407              1
14              1     0.00805003      0.0303717              1
14              2      0.0439611      0.0193721              1
14              3        3.19061      0.0023499              1
14              4        3.18629      0.0489587              1
14              5     0.00468176     0.00324798              1
14              6      0.0499839      0.0165381              1
14              7        3.15221      0.0264158              1
14              8        3.17554      0.0325297              1
14              9       0.040383      0.0109066              1
14             10      0.0439231      0.0352898              1
14             11        3.17436     0.00079557              1
14             12        3.18026      0.0195373              1
14             13    0.000420761      0.0221537              1
14             14      0.0441329      0.0354693              1
14             15        3.16963      0.0496554              1
14             16        3.15302      0.0225566              1
14             17       0.018884      0.0387994              1
14             18    0.000566524      0.0174934              1
14             19        3.17005      0.0407449              1
14             20         3.1626      0.0445766              1
14             21       0.029479     0.00946959              1
14             22      0.0084302     0.00759201              1
14             23        3.15544      0.0272913              1
15              0        3.18428     0.00406245              1
15              1        3.14607      0.0228293              1
15              2     0.00749905     0.00238914              1
15              3      0.0222538       0.016045              1
15              4        3.19036      0.0224958              1
15              5        3.14727      0.0112611              1
15              6      0.0442615      0.0295341              1
15              7      0.0333694      0.0449486              1
15              8        3.18399      0.0108815              1
15              9        3.18694       0.027814              1
15             10      0.0439864     0.00918526              1
15             11       0.048216     0.00205658              1
15             12        3.17884      0.0251894              1
15             13         3.1828      0.0155246              1
15             14     0.00247662      0.0436289              1
15             15       0.043946      0.0477778              1
15             16         3.1508      0.0398414              1
15             17        3.17004      0.0220639              1
15             18      0.0116972      0.0229244              1
15             19       0.047148    0.000729483              1
15             20        3.17381      0.0405768              1
15             21        3.18779      0.0185455              1
15             22      0.0314993      0.0457827              1
15             23      0.0114737      0.0433404              1
16              0     0.00279607      0.0151438              1
16              1        3.15264      0.0283072              1
16              2        3.16906      0.0393297              1
16              3      0.0230278     0.00495317              1
16              4      0.0472318      0.0247464              1
16              5        3.16176      0.0134202              1
16              6        3.17483      0.0152919              1
16              7      0.0451474     0.00570673              1
16              8      0.0470844      0.0280704              1
16              9        3.15432      0.0320903              1
16             10        3.16991      0.0274552              1
16             11      0.0474317     0.00280821              1
16             12     0.00370041      0.0153157              1
16             13         3.1718       0.011954              1
16             14        3.14684       0.027201              1
16             15      0.0477049     0.00565652              1
16             16      0.0224765      0.0181651              1
16             17        3.17525      0.0167527              1
16             18        3.14623      0.0478108              1
16             19    0.000104608     0.00609867              1
16             20      0.0228496      0.0165425              1
16             21        3.14615     0.00801201              1
16             22        3.14627      0.0455309              1
16             23      0.0293304    0.000344372              1
17              0     0.00540932      0.0141238              1
17              1       0.015852     0.00763585              1
17              2        3.15663      0.0473982              1
17              3        3.14247      0.0220709              1
17              4      0.0301514     0.00469732              1
17              5     0.00644904      0.0389241              1
17              6         3.1643      0.0119821              1
17              7         3.1884      0.0392772              1
17              8      0.0197225     0.00204959              1
17              9      0.0204889     0.00249354              1
17             10        3.17845      0.0486712              1
17             11        3.16539      0.0392571              1
17             12     0.00928701      0.0341504              1
17             13      0.0278707      0.0339279              1
17             14        3.14269      0.0347384              1
17             15        3.19043      0.0129922              1
17             16      0.0323315      0.0226547              1
17             17      0.0195496      0.0383015              1
17             18        3.18987     0.00954086              1
17             19        3.17737      0.0135883              1
17             20      0.0446606     0.00122173              1
17             21       0.042795      0.0224428              1
17             22        3.15381      0.0102045              1
17             23        3.19029       0.006901              1
18              0        3.18211     0.00397042              1
18              1      0.0210413     0.00551879              1
18              2     0.00942803      0.0041155              1
18              3        3.17586      0.0111029              1
18              4        3.14459      0.0365245              1
18              5      0.0324075      0.0240675              1
18              6      0.0460084      0.0288725              1
18              7        3.18281      0.0464817              1
18              8        3.18599      0.0353434              1
18              9      0.0400628      0.0305089              1
18             10      0.0138453      0.0120236              1
18             11        3.18006      0.0420036              1
18             12        3.15661      0.0353892              1
18             13      0.0361252      0.0443238              1
18             14      0.0471306      0.0391265              1
18             15        3.17792       0.035971              1
18             16         3.1831      0.0162601              1
18             17     0.00880086      0.0314356              1
18             18      0.0434973      0.0191273              1
18             19        3.15818      0.0247626              1
18             20        3.18915     0.00285204              1
18             21      0.0230963      0.0490883              1
18             22       0.034857       0.027699              1
18             23        3.18539      0.0471693              1
19              0        3.17952      0.0415435              1
19              1        3.17074      0.0153872              1
19              2      0.0195988      0.0245925              1
19              3      0.0107717      0.0295693              1
19              4        3.14977      0.0428157              1
19              5        3.16541      0.0464301              1
19              6      0.0133152      0.0280977              1
19              7      0.0175142      0.0152109              1
19              8         3.1416      0.0179306              1
19              9        3.15706      0.0185215              1
19             10     0.00335563      0.0218648              1
19             11      0.0231463      0.0103785              1
19             12        3.16725     0.00701225              1
19             13        3.14185      0.0260546              1
19             14      0.0118598      0.0020129              1
19             15      0.0140988       0.021607              1
19             16        3.16367     0.00944472              1
19             17        3.16107      0.0406817              1
19             18      0.0254753      0.0428449              1
19             19     0.00604366      0.0293484              1
19             20        3.17929      0.0178388              1
19             21        3.16237      0.0406355              1
19             22      0.0320858      0.0160878              1
19             23       0.014906      0.0188574              1
20              0       0.013822      0.0155772              1
20              1        3.16059      0.0407176              1
20              2        3.18711      0.0422971              1
20              3      0.0227569      0.0128312              1
20              4     0.00428585     0.00312445              1
20              5        3.17481      0.0228025              1
20              6        3.17262      0.0470811              1
20              7      0.0245292      0.0303243              1
20              8      0.0241892      0.0363459              1
20              9        3.15426      0.0222424              1
20             10        3.14586      0.0312289              1
20             11      0.0431923      0.0233735              1
20             12      0.0343162      0.0433813              1
20             13         3.1786    2.48576e-06              1
20             14        3.17916      0.0156485              1
20             15     0.00304041      0.0270611              1
20             16     0.00798603      0.0148941              1
20             17        3.17142      0.0238463              1
20             18        3.16549      0.0171694              1
20             19     0.00153026      0.0454242              1
20             20      0.0135048      0.0191283              1
20             21        3.15009      0.0316899              1
20             22        3.18797       0.049874              1
20             23      0.0152641      0.0129563              1
21              0      0.0460258      0.0309133              1
21              1      0.0190007      0.0300126              1
21              2        3.18573     0.00421411              1
21              3        3.19018      0.0311977              1
21              4      0.0457012     0.00236359              1
21              5      0.0429188      0.0341036              1
21              6        3.18335    0.000474036              1
21              7         3.1781      0.0338335              1
21              8     0.00965136      0.0286148              1
21              9      0.0497811      0.0273912              1
21             10        3.18751       0.027119              1
21             11         3.1698      0.0113958              1
21             12     0.00810134     0.00211814              1
21             13      0.0366807      0.0159157              1
21             14         3.1905      0.0145093              1
21             15        3.17901      0.0408192              1
21             16      0.0287868      0.0399991              1
21             17      0.0133101      0.0277248              1
21             18         3.1809     0.00135692              1
21             19        3.18442     0.00110119              1
21             20      0.0185016      0.0222313              1
21             21      0.0474765      0.0334724              1
21             22        3.18313      0.0274239              1
21             23        3.18659      0.0357794              1
22              0        3.18096      0.0443724              1
22              1      0.0407924      0.0467044              1
22              2     0.00407468      0.0064225              1
22              3        3.18941      0.0253194              1
22              4        3.17077     0.00758585              1
22              5      0.0436786      0.0398385              1
22              6     0.00908376      0.0391797              1
22              7         3.1721      0.0125149              1
22              8        3.14415      0.0413759              1
22              9     0.00185239      0.0497147              1
22             10      0.0175358      0.0376925              1
22             11        3.18319      0.0451065              1
22             12        3.16656      0.0350379              1
22             13      0.0443923      0.0350453              1
22             14      0.0476825      0.0494582              1
22             15         3.1515      0.0276983              1
22             16        3.15737       0.036016              1
22             17       0.022453     0.00645733              1
22             18      0.0197201       0.046576              1
22             19        3.18904     0.00923709              1
22             20        3.15023      0.0192746              1
22             21      0.0466167     0.00748711              1
22             22       0.007978      0.0234171              1
22             23        3.17276      0.0174587              1
23              0        3.14847     0.00762942              1
23              1        3.17224      0.0433013              1
23              2      0.0229021      0.0225643              1
23              3      0.0257346       0.020824              1
23              4        3.15629      0.0324821              1
23              5        3.15117     0.00754089              1
23              6      0.0495669       0.028527              1
23              7      0.0453089      0.0296692              1
23              8        3.16077     0.00361998              1
23              9        3.17443      0.0403575              1
23             10      0.0148613     0.00719395              1
23             11      0.0361315    0.000740549              1
23             12        3.18082       0.043975              1
23             13        3.14924     0.00327498              1
23             14      0.0428653      0.0248444              1
23             15      0.0458852      0.0022303              1
23             16        3.17859      0.0249266              1
23             17        3.18674      0.0403666              1
23             18     0.00909668      0.0133968              1
23             19       0.018264      0.0217153              1
23             20        3.17257      0.0429429              1
23             21        3.17742      0.0120739              1
23             22      0.0306899      0.0275928              1
23             23     0.00361648      0.0485122              1
