#x              y     Theta(x,y)       Phi(x,y)Moment_Size(x,y)
0              0      0.0279383     0.00978819              1
0              1        3.18076      0.0494411              1
0              2        3.16073      0.0309362              1
0              3      0.0231513        0.01634              1
0              4      0.0166127      0.0220212              1
0              5        3.16338      0.0432822              1
0              6        3.14617    0.000257169              1
0              7      0.0350687      0.0484066              1
0              8      0.0230078      0.0202944              1
0              9        3.14275      0.0250805              1
0             10        3.18435     0.00625238              1
0             11      0.0034256      0.0250842              1
0             12      0.0370813       0.011124              1
0             13        3.18547       0.043376              1
0             14        3.15245      0.0288523              1
0             15      0.0162915      0.0160326              1
0             16      0.0440296      0.0336124              1
0             17        3.14913      0.0360678              1
0             18        3.18259       0.045809              1
0             19     0.00590736      0.0245915              1
0             20      0.0372049     0.00440465              1
0             21        3.16399      0.0199117              1
0             22        3.15573      0.0491948              1
0             23      0.0374791      0.0379832              1
1              0      0.0295121      0.0173184              1
1              1      0.0166324      0.0431835              1
1              2        3.18516     0.00280757              1
1              3        3.18691     0.00910897              1
1              4      0.0424596    4.16939e-05              1
1              5      0.0117055      0.0148764              1
1              6        3.19047      0.0229682              1
1              7        3.18332      0.0477342              1
1              8      0.0136546      0.0361879              1
1              9       0.017759     0.00790465              1
1             10        3.18534      0.0128684              1
1             11        3.15094     0.00389962              1
1             12      0.0297804      0.0258768              1
1             13      0.0477139      0.0370473              1
1             14        3.15214      0.0115204              1
1             15        3.16739      0.0359853              1
1             16      0.0298905     0.00998521              1
1             17      0.0217046      0.0322103              1
1             18        3.16608      0.0310614              1
1             19        3.16336      0.0244643              1
1             20     0.00164074       0.033047              1
1             21    0.000138462     0.00670022              1
1             22        3.16512      0.0236532              1
1             23        3.18158      0.0416874              1
2              0        3.16958      0.0180651              1
2              1     0.00488738      0.0455695              1
2              2    0.000792721     0.00602657              1
2              3        3.18736      0.0184737              1
2              4        3.18803      0.0102433              1
2              5    0.000177343      0.0111914              1
2              6      0.0367233      0.0152042              1
2              7        3.14736      0.0211321              1
2              8        3.18475      0.0494447              1
2              9      0.0404345      0.0148577              1
2             10       0.021754      0.0349514              1
2             11        3.14665      0.0146515              1
2             12        3.19001      0.0462798              1
2             13      0.0483465      0.0459419              1
2             14      0.0214238      0.0251031              1
2             15        3.17099       0.016303              1
2             16        3.16463      0.0219913              1
2             17     0.00683519      0.0412158              1
2             18      0.0401157      0.0493764              1
2             19        3.14745       0.042152              1
2             20        3.18261      0.0439717              1
2             21      0.0321029      0.0304743              1
2             22      0.0369826      0.0146177              1
2             23        3.17901      0.0152476              1
3              0        3.17845      0.0211329              1
3              1        3.16435     0.00502969              1
3              2     0.00444608      0.0397966              1
3              3      0.0235119     0.00301405              1
3              4        3.15381     0.00143233              1
3              5        3.16761      0.0390727              1
3              6      0.0476982      0.0107432              1
3              7      0.0468147      0.0131599              1
3              8        3.14318    0.000259772              1
3              9        3.15526      0.0302162              1
3             10      0.0111258      0.0256858              1
3             11      0.0174673       0.046342              1
3             12        3.18513      0.0465877              1
3             13        3.16555      0.0238527              1
3             14      0.0122893      0.0437625              1
3             15      0.0254861      0.0425834              1
3             16        3.19008      0.0146965              1
3             17        3.15661      0.0299591              1
3             18      0.0449039      0.0439438              1
3             19     0.00166789       0.012846              1
3             20        3.14204      0.0494442              1
3             21        3.16902      0.0218611              1
3             22      0.0315007       0.028424              1
3             23      0.0303002      0.0106831              1
4              0      0.0352362     0.00830678              1
4              1        3.16203      0.0251418              1
4              2        3.14359      0.0256761              1
4              3      0.0433343      0.0075282              1
4              4    0.000129523     0.00430283              1
4              5          3.149      0.0443191              1
4              6        3.15227      0.0097007              1
4              7      0.0495195      0.0254991              1
4              8     0.00474978      0.0202461              1
4              9        3.14735      0.0355591              1
4             10         3.1757     0.00271043              1
4             11      0.0339272     0.00275188              1
4             12      0.0403424      0.0364119              1
4             13        3.17592      0.0354119              1
4             14        3.17815     0.00833103              1
4             15      0.0401176      0.0191389              1
4             16      0.0343726     0.00216187              1
4             17        3.17804       0.034704              1
4             18        3.18305      0.0359724              1
4             19      0.0295071    0.000176783              1
4             20    0.000808325      0.0470779              1
4             21         3.1543      0.0129325              1
4             22        3.18215      0.0423543              1
4             23      0.0159158      0.0485429              1
5              0       0.005629      0.0295648              1
5              1      0.0229893      0.0215955              1
5              2        3.15716      0.0247992              1
5              3        3.17593      0.0183305              1
5              4       0.035157      0.0394062              1
5              5      0.0410673      0.0178217              1
5              6        3.18559      0.0284398              1
5              7        3.15452      0.0207613              1
5              8      0.0058424      0.0247064              1
5              9      0.0350244      0.0473922              1
5             10        3.15799      0.0150768              1
5             11        3.16768      0.0288638              1
5             12      0.0119099     0.00468143              1
5             13      0.0100533      0.0145991              1
5             14        3.16648      0.0478048              1
5             15        3.14796    0.000690454              1
5             16      0.0415445      0.0366286              1
5             17      0.0105383      0.0366732              1
5             18        3.14866       0.027831              1
5             19        3.14659      0.0305517              1
5             20      0.0241984      0.0315581              1
5             21      0.0279985      0.0194439              1
5             22        3.17919     0.00158807              1
5             23         3.1803     0.00471172              1
6              0           3.17      0.0456537              1
6              1      0.0478939      0.0449517              1
6              2     0.00307721      0.0235953              1
6              3        3.18487      0.0186754              1
6              4        3.17794      0.0287558              1
6              5      0.0159899      0.0288687              1
6              6      0.0258127      0.0208396              1
6              7        3.15749      0.0494543              1
6              8        3.18757      0.0269502              1
6              9       0.021773       0.036821              1
6             10      0.0239813     0.00553084              1
6             11        3.14205      0.0269984              1
6             12        3.15373      0.0224561              1
6             13      0.0334833      0.0160073              1
6             14      0.0348272    0.000704136              1
6             15        3.16081      0.0439011              1
6             16        3.16622     0.00631343              1
6             17     0.00203414      0.0161132              1
6             18      0.0429927      0.0458078              1
6             19        3.17784      0.0266051              1
6             20        3.16871      0.0159006              1
6             21      0.0465674     0.00487865              1
6             22      0.0123621      0.0300503              1
6             23        3.18478      0.0440471              1
7              0        3.15465     0.00102183              1
7              1        3.18006     0.00912138              1
7              2      0.0177359      0.0290859              1
7              3      0.0337748      0.0376802              1
7              4        3.17359     0.00454602              1
7              5        3.17539      0.0400136              1
7              6      0.0175447      0.0316992              1
7              7      0.0433108      0.0310054              1
7              8        3.18448      0.0441282              1
7              9        3.15527      0.0221059              1
7             10      0.0284477      0.0363639              1
7             11      0.0321816      0.0442988              1
7             12        3.19108      0.0109266              1
7             13        3.16106      0.0345841              1
7             14      0.0121037     0.00537801              1
7             15       0.015305      0.0334235              1
7             16        3.15382      0.0221472              1
7             17        3.16465      0.0470722              1
7             18      0.0405146     0.00767181              1
7             19      0.0452463     0.00677918              1
7             20        3.14786      0.0341333              1
7             21        3.18932      0.0228071              1
7             22      0.0120586     0.00732638              1
7             23      0.0440116      0.0143596              1
8              0      0.0142282      0.0396248              1
8              1        3.16559      0.0387718              1
8              2        3.15541      0.0216307              1
8              3      0.0156563      0.0204076              1
8              4      0.0405942      0.0151517              1
8              5        3.15133      0.0166236              1
8              6        3.16561      0.0163291              1
8              7      0.0469294      0.0358395              1
8              8      0.0192129      0.0411315              1
8              9        3.17497      0.0176259              1
8             10        3.15853      0.0454704              1
8             11     0.00434153      0.0388648              1
8             12      0.0457532      0.0310632              1
8             13        3.17426      0.0418909              1
8             14        3.18566      0.0354374              1
8             15    0.000752411      0.0414263              1
8             16       0.023663      0.0363519              1
8             17        3.18827      0.0226249              1
8             18        3.15505      0.0162318              1
8             19       0.024148      0.0217006              1
8             20       0.028789      0.0325162              1
8             21        3.17612      0.0145792              1
8             22        3.15425      0.0234141              1
8             23      0.0178434      0.0213442              1
9              0      0.0489186       0.024678              1
9              1      0.0199185      0.0289234              1
9              2        3.14194      0.0363994              1
9              3        3.17623    0.000800062              1
9              4      0.0381512      0.0235113              1
9              5     0.00841602     0.00333935              1
9              6        3.14685       0.039592              1
9              7        3.18138      0.0311272              1
9              8      0.0448049       0.015342              1
9              9      0.0182167      0.0471243              1
9             10        3.16929      0.0161405              1
9             11        3.17224      0.0160274              1
9             12      0.0387607      0.0439616              1
9             13      0.0120862     0.00426661              1
9             14        3.17431      0.0335966              1
9             15        3.18977      0.0248073              1
9             16      0.0233592      0.0128109              1
9             17      0.0182093      0.0188239              1
9             18        3.18282      0.0496264              1
9             19        3.16919     0.00827646              1
9             20     0.00955455      0.0193472              1
9             21     0.00909524      0.0190797              1
9             22        3.14603     0.00647337              1
9             23        3.16594     0.00332529              1
10              0        3.16062      0.0107229              1
10              1      0.0212277      0.0494916              1
10              2     0.00131714      0.0493798              1
10              3        3.14533     0.00415432              1
10              4        3.14669      0.0296425              1
10              5      0.0392735      0.0106257              1
10              6      0.0156207      0.0286077              1
10              7        3.14824      0.0274198              1
10              8        3.19136      0.0260914              1
10              9       0.027719      0.0142696              1
10             10       0.034118      0.0361626              1
10             11        3.17555      0.0259091              1
10             12        3.16451      0.0365851              1
10             13      0.0444408      0.0340505              1
10             14      0.0233354      0.0078093              1
10             15        3.14931      0.0127587              1
10             16        3.17453     0.00792176              1
10             17      0.0306419      0.0161698              1
10             18      0.0318579      0.0364394              1
10             19         3.1427      0.0158346              1
10             20        3.17625      0.0238718              1
10             21      0.0146082      0.0291957              1
10             22      0.0344979       0.011563              1
10             23        3.18163      0.0275161              1
11              0        3.14318     0.00387988              1
11              1          3.186      0.0163751              1
11              2    0.000775494       0.044369              1
11              3       0.011417      0.0319726              1
11              4        3.18354      0.0180862              1
11              5        3.17186      0.0151824              1
11              6     0.00319697       0.029041              1
11              7      0.0472882      0.0265436              1
11              8        3.19049      0.0410796              1
11              9        3.16863      0.0105319              1
11             10      0.0100993      0.0423446              1
11             11     0.00388833      0.0205264              1
11             12        3.15351      0.0451638              1
11             13        3.17427      0.0139319              1
11             14      0.0464322      0.0266837              1
11             15      0.0169306     0.00697562              1
11             16        3.15638      0.0432487              1
11             17        3.19048      0.0188368              1
11             18      0.0218106     0.00398728              1
11             19     0.00120177     0.00879455              1
11             20        3.17256      0.0255821              1
11             21        3.14701      0.0355405              1
11             22      0.0288423      0.0453699              1
11             23      0.0303289      0.0220128              1
12              0        0.04072       0.012755              1
12              1        3.14745      0.0132444              1
12              2        3.17798      0.0496146              1
12              3       0.028446      0.0260397              1
12              4     0.00701244      0.0273116              1
12              5        3.16428      0.0234495              1
12              6        3.16319      0.0440065              1
12              7      0.0276873     0.00127544              1
12              8      0.0231453      0.0294401              1
12              9        3.16039      0.0472914              1
12             10        3.16641      0.0398722              1
12             11      0.0260271      0.0103647              1
12             12     0.00280202     0.00954165              1
12             13        3.19116    0.000917671              1
12             14        3.14332      0.0113935              1
12             15       0.032709     0.00624099              1
12             16     0.00110455      0.0110539              1
12             17         3.1578      0.0499284              1
12             18        3.18163      0.0471231              1
12             19      0.0138633      0.0276956              1
12             20      0.0467871      0.0132346              1
12             21        3.18566      0.0314182              1
12             22        3.14282      0.0459455              1
12             23      0.0389194      0.0483065              1
13              0      0.0174317      0.0182122              1
13              1     0.00897455      0.0312491              1
13              2        3.16658       0.049492              1
13              3        3.15868      0.0143098              1
13              4      0.0260378      0.0470277              1
13              5      0.0303323      0.0376131              1
13              6        3.17144    0.000908115              1
13              7        3.17766     0.00770644              1
13              8      0.0410917       0.046737              1
13              9      0.0360763       0.048181              1
13             10        3.16658      0.0159635              1
13             11        3.17285     0.00876326              1
13             12       0.034131       0.035561              1
13             13      0.0489434      0.0414425              1
13             14         3.1855      0.0100434              1
13             15        3.17381      0.0095961              1
13             16      0.0108139     0.00666928              1
13             17      0.0267384       0.038264              1
13             18        3.15641      0.0346358              1
13             19        3.18372     0.00564261              1
13             20      0.0277166     0.00427827              1
13             21      0.0371879      0.0297305              1
13             22        3.16304      0.0039563              1
13             23        3.18381      0.0421406              1
14              0        3.17421       0.027219              1
14              1      0.0296999     0.00964118              1
14              2      0.0254751      0.0119566              1
14              3        3.15021      0.0227931              1
14              4        3.16695      0.0311555              1
14              5      0.0303799      0.0299387              1
14              6      0.0369075      0.0412624              1
14              7        3.15768      0.0210281              1
14              8        3.16558     0.00251586              1
14              9      0.0430039      0.0159987              1
14             10      0.0487152      0.0271551              1
14             11        3.16749      0.0328652              1
14             12        3.19076      0.0465974              1
14             13      0.0415373       0.022756              1
14             14      0.0185867      0.0475488              1
14             15        3.15936     0.00252521              1
14             16        3.17106      0.0123138              1
14             17      0.0349305     0.00404569              1
14             18      0.0259107      0.0205212              1
14             19        3.16459      0.0394643              1
14             20        3.16857     0.00792071              1
14             21      0.0241843     0.00358593              1
14             22      0.0447481      0.0384107              1
14             23        3.15277      0.0214437              1
15              0         3.1431       0.031643              1
15              1        3.16591       0.025466              1
15              2      0.0124378      0.0384375              1
15              3      0.0315709       0.046841              1
15              4        3.17766       0.028271              1
15              5         3.1472    0.000355969              1
15              6     0.00223718     0.00990733              1
15              7      0.0452857      0.0321734              1
15              8        3.15348      0.0221849              1
15              9        3.15286      0.0460185              1
15             10     0.00963568     0.00930375              1
15             11     0.00407751       0.027982              1
15             12        3.16735       0.016094              1
15             13         3.1689      0.0192078              1
15             14       0.017577     0.00575213              1
15             15      0.0398654      0.0454054              1
15             16        3.17262      0.0233882              1
15             17        3.14348      0.0365884              1
15             18      0.0130865      0.0229702              1
15             19      0.0395676       0.014819              1
15             20        3.16482      0.0237258              1
15             21        3.18549     0.00517514              1
15             22      0.0229109       0.032518              1
15             23      0.0262733      0.0404824              1
16              0       0.012482      0.0227027              1
16              1        3.14741      0.0266681              1
16              2        3.17295      0.0423526              1
16              3      0.0252455      0.0262779              1
16              4      0.0292855     0.00231707              1
16              5        3.16881      0.0445753              1
16              6        3.18299      0.0247035              1
16              7     0.00479506      0.0190448              1
16              8      0.0446627      0.0270277              1
16              9        3.18507      0.0313662              1
16             10        3.16753    0.000478308              1
16             11     0.00315752      0.0446325              1
16             12      0.0433816      0.0390282              1
16             13        3.15955      0.0054612              1
16             14        3.14729      0.0435466              1
16             15      0.0486525      0.0187565              1
16             16     0.00912369      0.0461572              1
16             17        3.16228     0.00779784              1
16             18        3.16758      0.0219405              1
16             19      0.0317705      0.0471618              1
16             20      0.0430342      0.0361157              1
16             21         3.1884      0.0368026              1
16             22        3.18337      0.0154885              1
16             23      0.0192419      0.0421386              1
17              0      0.0319867      0.0444524              1
17              1      0.0249321      0.0426745              1
17              2        3.14369     0.00660198              1
17              3        3.16085      0.0307979              1
17              4      0.0425494      0.0310004              1
17              5      0.0331505      0.0477388              1
17              6        3.15862      0.0191166              1
17              7        3.15411      0.0407863              1
17              8      0.0378128     0.00149111              1
17              9      0.0260815      0.0182901              1
17             10        3.15095      0.0329828              1
17             11        3.16476      0.0416087              1
17             12       0.023863      0.0140608              1
17             13      0.0167737      0.0136358              1
17             14        3.18634      0.0161309              1
17             15        3.15884       0.016955              1
17             16      0.0436096      0.0363628              1
17             17      0.0271759     0.00570707              1
17             18        3.16388      0.0483059              1
17             19        3.17904       0.034355              1
17             20     0.00871912      0.0188912              1
17             21      0.0429513      0.0373004              1
17             22        3.16316      0.0219378              1
17             23        3.19081      0.0374713              1
18              0        3.17878     0.00462362              1
18              1      0.0313491      0.0257545              1
18              2      0.0205501     0.00797633              1
18              3        3.16461     0.00390446              1
18              4        3.16084      0.0218526              1
18              5      0.0130694      0.0216679              1
18              6      0.0149845       0.028445              1
18              7         3.1702      0.0290565              1
18              8        3.17141      0.0404663              1
18              9      0.0242401      0.0125491              1
18             10      0.0200136      0.0294871              1
18             11        3.17793      0.0452785              1
18             12        3.15896      0.0209311              1
18             13      0.0355539      0.0014184              1
18             14      0.0102914      0.0107438              1
18             15        3.17577      0.0101717              1
18             16        3.18205      0.0368242              1
18             17     0.00434847      0.0304892              1
18             18      0.0326877     0.00686783              1
18             19         3.1457      0.0243774              1
18             20        3.17044     0.00734893              1
18             21      0.0261853     0.00792806              1
18             22      0.0322837      0.0199564              1
18             23        3.18242      0.0243549              1
19              0        3.18651       0.021644              1
19              1        3.16849      0.0265576              1
19              2       0.024457       0.011496              1
19              3     0.00106018      0.0377763              1
19              4        3.18655      0.0329093              1
19              5        3.17502      0.0319398              1
19              6      0.0409715      0.0374928              1
19              7      0.0285563      0.0100072              1
19              8        3.18732      0.0182595              1
19              9        3.16044      0.0291242              1
19             10      0.0389744      0.0128354              1
19             11      0.0104585     0.00557059              1
19             12        3.16208      0.0344315              1
19             13        3.16387      0.0475099              1
19             14      0.0185853      0.0409343              1
19             15      0.0494125      0.0358943              1
19             16        3.16839      0.0223191              1
19             17        3.17133      0.0485124              1
19             18      0.0383285      0.0285465              1
19             19      0.0144915      0.0469249              1
19             20        3.16807       0.027343              1
19             21        3.17823      0.0322193              1
19             22      0.0403384      0.0268726              1
19             23     0.00291007      0.0417463              1
20              0      0.0485427      0.0319085              1
20              1        3.15709      0.0292375              1
20              2        3.18526     0.00559341              1
20              3     0.00967477      0.0129437              1
20              4     0.00218424      0.0165461              1
20              5        3.15819      0.0214281              1
20              6        3.15123      0.0106951              1
20              7      0.0107459       0.019233              1
20              8      0.0320605     0.00091431              1
20              9         3.1892      0.0269365              1
20             10        3.19117     0.00486084              1
20             11      0.0188099      0.0336469              1
20             12      0.0192192     0.00687763              1
20             13         3.1599     0.00995076              1
20             14        3.15124       0.013876              1
20             15      0.0327941      0.0478379              1
20             16      0.0364141      0.0237457              1
20             17        3.17844      0.0135433              1
20             18         3.1915      0.0192147              1
20             19      0.0338825      0.0491829              1
20             20     0.00441983      0.0347899              1
20             21        3.16267      0.0484316              1
20             22        3.14812      0.0460713              1
20             23      0.0121302       0.045337              1
21              0      0.0325599       0.032259              1
21              1      0.0436267      0.0492562              1
21              2        3.15229     0.00317108              1
21              3        3.15003     0.00655044              1
21              4      0.0242332      0.0459128              1
21              5      0.0080654     0.00776822              1
21              6        3.14933      0.0380816              1
21              7         3.1775    0.000607977              1
21              8      0.0124176      0.0275372              1
21              9      0.0154264     0.00903301              1
21             10        3.16454      0.0257625              1
21             11        3.18143      0.0405106              1
21             12      0.0393412      0.0393496              1
21             13     0.00641954      0.0468074              1
21             14        3.15176      0.0349628              1
21             15        3.16062     0.00707904              1
21             16      0.0300849      0.0418406              1
21             17      0.0329638      0.0494607              1
21             18         3.1808      0.0285752              1
21             19        3.16106      0.0326233              1
21             20     0.00249328      0.0477708              1
21             21      0.0090603      0.0438705              1
21             22        3.17192       0.037596              1
21             23        3.18334      0.0102415              1
22              0        3.16131      0.0291444              1
22              1      0.0486546      0.0364781              1
22              2      0.0359509     0.00159952              1
22              3        3.17901    0.000535533              1
22              4        3.18112      0.0134214              1
22              5      0.0407019      0.0039545              1
22              6      0.0372725        0.03404              1
22              7        3.15569      0.0359659              1
22              8        3.14949      0.0332439              1
22              9       0.044429       0.014333              1
22             10      0.0132068      0.0127272              1
22             11        3.17394      0.0400912              1
22             12         3.1889     0.00769303              1
22             13    0.000956717      0.0369252              1
22             14      0.0171352      0.0416608              1
22             15        3.18302      0.0365011              1
22             16        3.15709      0.0135866              1
22             17      0.0305847     0.00693518              1
22             18      0.0390695       0.036765              1
22             19        3.18131      0.0140611              1
22             20        3.16714      0.0481581              1
22             21      0.0431048      0.0401444              1
22             22      0.0398561      0.0131551              1
22             23        3.16551      0.0100537              1
23              0        3.18841      0.0305115              1
23              1        3.15731      0.0310105              1
23              2      0.0174404     0.00156175              1
23              3      0.0385395       0.047201              1
23              4         3.1448     0.00783712              1
23              5        3.17183      0.0386151              1
23              6      0.0101276      0.0413061              1
23              7      0.0198499      0.0221028              1
23              8        3.18338       0.035515              1
23              9        3.17691      0.0116032              1
23             10      0.0134287       0.014924              1
23             11       0.029536      0.0498449              1
23             12         3.1565      0.0163977              1
23             13        3.16134      0.0199619              1
23             14      0.0279964      0.0410091              1
23             15      0.0378101      0.0398957              1
23             16        3.15479      0.0041286              1
23             17        3.15232      0.0299553              1
23             18       0.040224      0.0218663              1
23             19      0.0228694      0.0447458              1
23             20        3.14806      0.0301529              1
23             21        3.15797      0.0153237              1
23             22     0.00711328      0.0268626              1
23             23      0.0228925      0.0431574              1
