#x              y     Theta(x,y)       Phi(x,y)Moment_Size(x,y)
0              0      0.0377193      0.0474651              1
0              1        3.17432      0.0482792              1
0              2        3.15301      0.0483477              1
0              3      0.0333609     0.00111506              1
0              4      0.0402929      0.0280357              1
0              5        3.18879      0.0283472              1
0              6        3.15511     0.00876505              1
0              7      0.0105101      0.0460415              1
0              8      0.0109821      0.0332585              1
0              9        3.16948      0.0122455              1
0             10        3.16701    0.000509269              1
0             11      0.0189016     0.00658838              1
0             12      0.0069823     0.00473297              1
0             13        3.15272      0.0448931              1
0             14        3.18348      0.0293901              1
0             15      0.0068848      0.0235168              1
0             16     0.00735627       0.032276              1
0             17        3.17364     0.00283316              1
0             18        3.16261      0.0435819              1
0             19      0.0109486       0.042399              1
0             20      0.0222448      0.0416103              1
0             21        3.18346      0.0142961              1
0             22        3.15066      0.0067314              1
0             23     0.00563712      0.0051548              1
1              0     0.00587071      0.0445957              1
1              1     0.00977332      0.0274596              1
1              2        3.16256     0.00388414              1
1              3        3.16913      0.0353709              1
1              4      0.0297166      0.0071342              1
1              5      0.0209055      0.0112823              1
1              6        3.16441      0.0113303              1
1              7        3.18769      0.0146674              1
1              8      0.0424205      0.0365294              1
1              9       0.034016      0.0468799              1
1             10        3.19133      0.0351302              1
1             11        3.16869      0.0483904              1
1             12      0.0492395      0.0286376              1
1             13      0.0489358       0.020738              1
1             14        3.17228      0.0174694              1
1             15        3.18654     0.00742135              1
1             16     0.00194373      0.0168103              1
1             17      0.0319037       0.010871              1
1             18        3.17555      0.0180619              1
1             19        3.17459      0.0265669              1
1             20      0.0407575       0.049282              1
1             21      0.0295661      0.0239682              1
1             22        3.16242    0.000407207              1
1             23        3.14443      0.0304118              1
2              0        3.14866     0.00275466              1
2              1      0.0280952      0.0331344              1
2              2     0.00232066    0.000391498              1
2              3        3.17449      0.0478385              1
2              4        3.16349      0.0458339              1
2              5      0.0488442     0.00543898              1
2              6     0.00144187      0.0155082              1
2              7         3.1818       0.028798              1
2              8        3.14762      0.0414681              1
2              9      0.0354671      0.0355996              1
2             10      0.0121053      0.0387106              1
2             11        3.18929      0.0285889              1
2             12        3.17378      0.0314826              1
2             13      0.0180291      0.0393571              1
2             14      0.0461819      0.0075487              1
2             15        3.15059       0.039654              1
2             16        3.16314      0.0111482              1
2             17      0.0100143     0.00806145              1
2             18      0.0487083     0.00799674              1
2             19        3.16732      0.0367147              1
2             20        3.16077      0.0447899              1
2             21       0.035337      0.0100157              1
2             22      0.0216217     0.00087038              1
2             23        3.16815     0.00316487              1
3              0        3.18322      0.0450355              1
3              1        3.15643     0.00144063              1
3              2      0.0417542      0.0299521              1
3              3      0.0157282      0.0261492              1
3              4        3.18112    0.000491048              1
3              5        3.14625       0.038578              1
3              6      0.0495943       0.029436              1
3              7      0.0312312     0.00908683              1
3              8         3.1653     0.00857788              1
3              9        3.16325      0.0102943              1
3             10      0.0321974      0.0165114              1
3             11      0.0190043      0.0488778              1
3             12        3.18808      0.0105097              1
3             13        3.17026      0.0280529              1
3             14     0.00370724      0.0027843              1
3             15      0.0470456      0.0331657              1
3             16        3.16164      0.0253624              1
3             17        3.15752      0.0253617              1
3             18      0.0111706      0.0382926              1
3             19      0.0405115      0.0237155              1
3             20        3.15146     0.00753317              1
3             21        3.17075       0.020897              1
3             22      0.0218294      0.0388395              1
3             23      0.0447459      0.0250645              1
4              0      0.0128579      0.0358953              1
4              1        3.17748     0.00431518              1
4              2        3.16035    0.000474625              1
4              3      0.0041008     0.00185147              1
4              4      0.0458673       0.024139              1
4              5        3.15932      0.0132231              1
4              6        3.16763      0.0115215              1
4              7      0.0219314      0.0118804              1
4              8    0.000984073     0.00105285              1
4              9        3.16338      0.0436282              1
4             10        3.16639     0.00369553              1
4             11      0.0210823     0.00927223              1
4             12      0.0444735      0.0476487              1
4             13        3.14912      0.0236637              1
4             14        3.15036      0.0367989              1
4             15       0.041663      0.0120187              1
4             16      0.0430262      0.0060935              1
4             17        3.18571      0.0444171              1
4             18        3.15243      0.0256419              1
4             19      0.0343817     0.00510279              1
4             20      0.0164443      0.0293422              1
4             21        3.18424      0.0201843              1
4             22        3.17902       0.026637              1
4             23      0.0132755       0.029879              1
5              0      0.0377873      0.0298094              1
5              1      0.0140566     0.00363386              1
5              2        3.19039      0.0136715              1
5              3        3.18496      0.0193528              1
5              4      0.0408424     0.00211014              1
5              5      0.0460075      0.0261482              1
5              6        3.18094      0.0192439              1
5              7        3.18084      0.0347634              1
5              8      0.0416343      0.0316383              1
5              9       0.033521      0.0346749              1
5             10        3.14182      0.0384778              1
5             11        3.15394      0.0492399              1
5             12      0.0167769      0.0124042              1
5             13      0.0132356      0.0445135              1
5             14        3.19099     0.00669356              1
5             15        3.17832     0.00821329              1
5             16      0.0216041     0.00597128              1
5             17       0.038209      0.0042206              1
5             18        3.18358       0.026214              1
5             19        3.14828      0.0134774              1
5             20      0.0259156     0.00913121              1
5             21      0.0110513      0.0475946              1
5             22        3.18038      0.0417162              1
5             23        3.17391      0.0175582              1
6              0        3.16146      0.0154264              1
6              1     0.00480276      0.0394771              1
6              2      0.0188214     0.00562844              1
6              3        3.16742      0.0210882              1
6              4        3.14783      0.0221665              1
6              5      0.0492501    0.000267386              1
6              6      0.0099758      0.0180478              1
6              7        3.15364      0.0397688              1
6              8        3.18529      0.0237665              1
6              9      0.0189556      0.0306567              1
6             10      0.0085006       0.013055              1
6             11        3.15312     0.00631377              1
6             12        3.18112      0.0101002              1
6             13      0.0162989      0.0132247              1
6             14      0.0416631      0.0392179              1
6             15        3.17694     0.00794251              1
6             16        3.14578      0.0274666              1
6             17      0.0106812      0.0454511              1
6             18      0.0170045      0.0424143              1
6             19        3.16167      0.0183763              1
6             20         3.1469      0.0498153              1
6             21      0.0088967      0.0449598              1
6             22      0.0434321      0.0336663              1
6             23        3.16297      0.0234181              1
7              0         3.1832      0.0152003              1
7              1        3.16823      0.0150408              1
7              2      0.0494008     0.00128072              1
7              3      0.0259313      0.0494247              1
7              4        3.16134      0.0247854              1
7              5        3.16834     0.00728061              1
7              6      0.0367181      0.0175929              1
7              7      0.0465323      0.0106133              1
7              8        3.16144      0.0421362              1
7              9        3.15771     0.00297982              1
7             10      0.0197692    0.000314861              1
7             11      0.0190236      0.0165193              1
7             12        3.18231      0.0412905              1
7             13        3.17268      0.0289499              1
7             14      0.0333934      0.0241358              1
7             15      0.0155284       0.027676              1
7             16        3.16188      0.0324393              1
7             17        3.14728       0.016422              1
7             18       0.040983     0.00854513              1
7             19      0.0293099      0.0226585              1
7             20        3.18598      0.0139535              1
7             21        3.14439      0.0147685              1
7             22      0.0302406      0.0116536              1
7             23      0.0372013     0.00752158              1
8              0      0.0497631      0.0496826              1
8              1        3.15249     0.00869986              1
8              2        3.17397      0.0254216              1
8              3       0.035381      0.0462354              1
8              4      0.0378321      0.0397114              1
8              5        3.16042      0.0462974              1
8              6        3.16465      0.0184536              1
8              7     0.00242244       0.027743              1
8              8      0.0131249      0.0481884              1
8              9        3.16028      0.0349564              1
8             10        3.14263       0.039042              1
8             11      0.0166838     0.00258576              1
8             12     0.00535269     0.00071084              1
8             13        3.18598      0.0317929              1
8             14        3.15423      0.0321019              1
8             15    0.000936403      0.0343406              1
8             16      0.0494815       0.007318              1
8             17         3.1644      0.0213734              1
8             18        3.16051     0.00789938              1
8             19      0.0333619      0.0476997              1
8             20      0.0325168      0.0348224              1
8             21        3.16741      0.0322302              1
8             22        3.14302      0.0463538              1
8             23       0.011369      0.0232731              1
9              0      0.0433271      0.0133806              1
9              1      0.0335275     0.00634073              1
9              2        3.18246      0.0322659              1
9              3        3.18408      0.0361999              1
9              4      0.0407802     0.00816919              1
9              5      0.0299856       0.028191              1
9              6        3.18425      0.0190038              1
9              7        3.16419      0.0261262              1
9              8     0.00809797      0.0129778              1
9              9      0.0272737      0.0317481              1
9             10        3.16028      0.0495986              1
9             11        3.16326      0.0169108              1
9             12      0.0336994     0.00487769              1
9             13       0.040367      0.0454747              1
9             14        3.18878       0.044657              1
9             15        3.18967     0.00998842              1
9             16       0.037995      0.0268036              1
9             17       0.036628      0.0315571              1
9             18        3.16522     0.00559958              1
9             19        3.14184      0.0433637              1
9             20      0.0273684      0.0487917              1
9             21      0.0211718      0.0355959              1
9             22        3.14344      0.0241789              1
9             23        3.17318      0.0136425              1
10              0        3.17262       0.014616              1
10              1      0.0398528     0.00410811              1
10              2      0.0273176       0.029125              1
10              3        3.18944      0.0181678              1
10              4        3.18914      0.0284642              1
10              5     0.00751262     0.00513699              1
10              6         0.0361     0.00917748              1
10              7        3.14207      0.0176574              1
10              8        3.16945      0.0118003              1
10              9     0.00941702      0.0202073              1
10             10      0.0297661      0.0340441              1
10             11        3.16463      0.0158681              1
10             12        3.18393      0.0255005              1
10             13      0.0369181      0.0367597              1
10             14      0.0184498      0.0453301              1
10             15        3.14615     0.00213291              1
10             16        3.18517      0.0449134              1
10             17      0.0199396      0.0102513              1
10             18      0.0494924      0.0303285              1
10             19        3.16283      0.0171391              1
10             20        3.14558      0.0044945              1
10             21      0.0125215      0.0152842              1
10             22      0.0192866      0.0291263              1
10             23        3.18403       0.044885              1
11              0        3.14375     0.00167241              1
11              1        3.17628      0.0253165              1
11              2      0.0109497      0.0165612              1
11              3      0.0385598      0.0493213              1
11              4        3.17165      0.0467749              1
11              5        3.19148      0.0150847              1
11              6      0.0310856      0.0371921              1
11              7      0.0383647      0.0351341              1
11              8        3.18005      0.0246291              1
11              9        3.14164       0.046249              1
11             10      0.0426631      0.0285267              1
11             11      0.0018801      0.0476896              1
11             12        3.18966     0.00307429              1
11             13        3.17206      0.0420434              1
11             14       0.016632      0.0290386              1
11             15     0.00166235     0.00365121              1
11             16        3.18654     0.00226553              1
11             17        3.15989      0.0251531              1
11             18     0.00383278      0.0144125              1
11             19      0.0339486      0.0214778              1
11             20        3.17206      0.0381593              1
11             21        3.18062       0.017591              1
11             22      0.0214125      0.0172506              1
11             23      0.0185569      0.0278619              1
12              0     0.00618404      0.0084362              1
12              1        3.17258      0.0388057              1
12              2         3.1746      0.0199637              1
12              3      0.0130293      0.0270867              1
12              4      0.0401922      0.0199321              1
12              5        3.17369      0.0473619              1
12              6         3.1891      0.0119355              1
12              7      0.0429599      0.0223755              1
12              8      0.0255024      0.0224079              1
12              9        3.15199    0.000187943              1
12             10        3.18815      0.0348783              1
12             11      0.0362054     0.00264868              1
12             12      0.0389142     0.00204477              1
12             13        3.17183      0.0345669              1
12             14         3.1439      0.0184066              1
12             15      0.0277064      0.0256504              1
12             16      0.0255462     0.00222966              1
12             17        3.16666      0.0272831              1
12             18        3.16013       0.045546              1
12             19      0.0381947       0.038877              1
12             20      0.0116216      0.0269911              1
12             21        3.18435      0.0472632              1
12             22        3.17525      0.0422299              1
12             23      0.0116263      0.0114449              1
13              0      0.0183553      0.0165466              1
13              1       0.013165      0.0227153              1
13              2        3.15777     0.00221645              1
13              3        3.18494      0.0322669              1
13              4      0.0110882      0.0389948              1
13              5      0.0303121      0.0351658              1
13              6        3.18952      0.0346851              1
13              7        3.17782      0.0191563              1
13              8      0.0339841      0.0129486              1
13              9      0.0367755      0.0327329              1
13             10        3.15515      0.0407074              1
13             11         3.1721      0.0116494              1
13             12      0.0239248      0.0026246              1
13             13     0.00439327     0.00913423              1
13             14        3.17739      0.0109031              1
13             15        3.17923      0.0040013              1
13             16      0.0358744      0.0493277              1
13             17      0.0227283     0.00453435              1
13             18        3.17984    0.000872891              1
13             19        3.14272      0.0474436              1
13             20      0.0235149      0.0148186              1
13             21     0.00424403      0.0461825              1
13             22        3.14423     0.00150134              1
13             23        3.14786      0.0231735              1
14              0        3.17494      0.0321065              1
14              1    0.000138235     0.00606598              1
14              2     0.00902385      0.0228027              1
14              3        3.14966      0.0164261              1
14              4        3.16317      0.0197347              1
14              5     0.00744062      0.0221113              1
14              6      0.0296583      0.0171548              1
14              7        3.15155       0.018456              1
14              8        3.14554      0.0113013              1
14              9      0.0251652      0.0143207              1
14             10      0.0167222       0.018835              1
14             11        3.19014      0.0395247              1
14             12        3.18318      0.0148801              1
14             13      0.0105867     0.00927521              1
14             14     0.00637305      0.0222923              1
14             15        3.15996      0.0366679              1
14             16         3.1434      0.0163772              1
14             17      0.0182889     0.00176597              1
14             18      0.0160188      0.0220735              1
14             19        3.19107     0.00880051              1
14             20         3.1456      0.0476095              1
14             21      0.0079284      0.0465344              1
14             22      0.0492585      0.0249067              1
14             23        3.17272      0.0484961              1
15              0         3.1666    0.000890621              1
15              1        3.15599     0.00476577              1
15              2      0.0428689      0.0454303              1
15              3     0.00849324      0.0418689              1
15              4        3.18913      0.0277234              1
15              5        3.14568     0.00634041              1
15              6     0.00810584     0.00459415              1
15              7      0.0155249      0.0384207              1
15              8        3.15045      0.0497464              1
15              9        3.15177      0.0252292              1
15             10      0.0177645      0.0102612              1
15             11      0.0486583     0.00137229              1
15             12        3.14437      0.0486722              1
15             13        3.16588      0.0259027              1
15             14      0.0364143      0.0212453              1
15             15      0.0499392     0.00492781              1
15             16        3.18325       0.020745              1
15             17        3.17342      0.0330724              1
15             18     0.00692011       0.034065              1
15             19      0.0452187      0.0429997              1
15             20        3.14409     0.00339068              1
15             21        3.18998      0.0258127              1
15             22      0.0286344      0.0123033              1
15             23      0.0309405      0.0268679              1
16              0      0.0135426      0.0351545              1
16              1        3.17589      0.0222405              1
16              2        3.15626      0.0231932              1
16              3       0.029111      0.0463925              1
16              4      0.0445406     0.00844446              1
16              5        3.17063     0.00655332              1
16              6        3.16393      0.0204749              1
16              7      0.0183219      0.0296754              1
16              8     0.00772384       0.017783              1
16              9        3.16797       0.020207              1
16             10        3.15973      0.0480368              1
16             11     0.00443598      0.0104261              1
16             12      0.0496366      0.0376773              1
16             13        3.19097      0.0432634              1
16             14        3.15234      0.0378086              1
16             15     0.00758969      0.0319229              1
16             16      0.0256509      0.0387453              1
16             17        3.15685      0.0187904              1
16             18        3.16784       0.012221              1
16             19      0.0421421      0.0147681              1
16             20      0.0274758      0.0090992              1
16             21         3.1505      0.0483046              1
16             22        3.14894       0.049044              1
16             23      0.0201333     0.00436489              1
17              0      0.0216965      0.0449782              1
17              1      0.0326572     0.00574237              1
17              2        3.14827       0.016761              1
17              3        3.16801      0.0495507              1
17              4      0.0461785      0.0270783              1
17              5      0.0290714      0.0278138              1
17              6        3.17018       0.018408              1
17              7        3.15953       0.013423              1
17              8     0.00252347       0.011545              1
17              9      0.0268533     0.00729955              1
17             10        3.17551     0.00443822              1
17             11        3.15687      0.0270655              1
17             12      0.0370809      0.0489878              1
17             13      0.0380871      0.0118325              1
17             14         3.1703     0.00907753              1
17             15        3.17724       0.024222              1
17             16      0.0101538      0.0338682              1
17             17      0.0032361      0.0427055              1
17             18        3.18857       0.022655              1
17             19        3.17084       0.017308              1
17             20      0.0152874    0.000280483              1
17             21      0.0236707      0.0407885              1
17             22        3.16187      0.0110052              1
17             23        3.18573      0.0189801              1
18              0        3.17506      0.0139841              1
18              1      0.0189675      0.0438437              1
18              2      0.0375247      0.0472114              1
18              3        3.18731     0.00502264              1
18              4        3.19144       0.029949              1
18              5      0.0209924      0.0474989              1
18              6     0.00473117      0.0160406              1
18              7        3.15987      0.0219071              1
18              8        3.17458      0.0388766              1
18              9      0.0162546     0.00124411              1
18             10    0.000975561      0.0123645              1
18             11        3.15835      0.0161575              1
18             12        3.17327      0.0444431              1
18             13      0.0165264     0.00652059              1
18             14     0.00868868      0.0273158              1
18             15        3.18502     0.00199341              1
18             16        3.17265     0.00118924              1
18             17      0.0109841      0.0331632              1
18             18      0.0137133      0.0408467              1
18             19        3.14426      0.0368508              1
18             20        3.16466      0.0416427              1
18             21      0.0177412      0.0398759              1
18             22     0.00380926       0.038845              1
18             23         3.1665      0.0394729              1
19              0        3.14965      0.0392408              1
19              1        3.14376      0.0257125              1
19              2      0.0394713      0.0342683              1
19              3     0.00681412      0.0161425              1
19              4        3.17863      0.0202863              1
19              5         3.1628      0.0356025              1
19              6       0.010749      0.0368781              1
19              7     0.00153584      0.0405219              1
19              8        3.18984     0.00475993              1
19              9          3.172     0.00488137              1
19             10      0.0207661     0.00337205              1
19             11      0.0483173      0.0257714              1
19             12        3.14881       0.023986              1
19             13        3.14398      0.0448669              1
19             14       0.029238     0.00698329              1
19             15      0.0460537      0.0486923              1
19             16        3.16565      0.0145881              1
19             17        3.17175      0.0182651              1
19             18      0.0276771      0.0443915              1
19             19      0.0104534      0.0297243              1
19             20        3.16357       0.014553              1
19             21        3.16066      0.0317386              1
19             22      0.0351885      0.0321027              1
19             23      0.0130153      0.0390007              1
20              0     0.00719394      0.0281118              1
20              1        3.15341      0.0214801              1
20              2        3.17432      0.0444677              1
20              3      0.0225914      0.0225116              1
20              4      0.0469594     0.00291195              1
20              5        3.15916      0.0198932              1
20              6        3.17967      0.0259773              1
20              7      0.0249294      0.0301346              1
20              8    0.000758696      0.0103566              1
20              9        3.17383      0.0499908              1
20             10        3.18997      0.0398635              1
20             11      0.0273761      0.0240667              1
20             12     0.00296697      0.0192092              1
20             13        3.18621      0.0172208              1
20             14        3.18416      0.0384977              1
20             15      0.0216202      0.0312155              1
20             16     0.00995635     0.00129349              1
20             17          3.168      0.0408616              1
20             18         3.1782      0.0499715              1
20             19      0.0112669      0.0434858              1
20             20     0.00138079       0.010933              1
20             21        3.14977      0.0152146              1
20             22        3.17284      0.0120854              1
20             23      0.0243402      0.0117879              1
21              0      0.0297389      0.0174561              1
21              1       0.042382      0.0349335              1
21              2        3.16241      0.0099408              1
21              3        3.17682      0.0127039              1
21              4      0.0260581      0.0473444              1
21              5      0.0462567      0.0300679              1
21              6        3.16071      0.0407256              1
21              7        3.16317      0.0262755              1
21              8     0.00176334      0.0185858              1
21              9      0.0481643     0.00435675              1
21             10        3.17472       0.022367              1
21             11        3.18025       0.029425              1
21             12      0.0289292      0.0170045              1
21             13      0.0329325      0.0451926              1
21             14        3.16877     0.00528723              1
21             15        3.16801      0.0200141              1
21             16     0.00275301       0.014202              1
21             17      0.0381899     0.00278843              1
21             18        3.15695      0.0231723              1
21             19        3.16551      0.0410755              1
21             20      0.0114558      0.0478946              1
21             21      0.0179242      0.0167547              1
21             22        3.19077      0.0478976              1
21             23        3.14182        0.03269              1
22              0        3.14367      0.0285023              1
22              1     0.00722749     0.00537788              1
22              2      0.0353792     0.00518064              1
22              3        3.15281      0.0439859              1
22              4         3.1744       0.012024              1
22              5      0.0391097       0.024953              1
22              6     0.00335383      0.0397064              1
22              7         3.1823      0.0401851              1
22              8        3.15189      0.0206691              1
22              9      0.0194418      0.0342222              1
22             10      0.0254355      0.0414385              1
22             11         3.1578      0.0205431              1
22             12        3.14489      0.0311197              1
22             13     0.00703854      0.0249998              1
22             14      0.0255021      0.0172483              1
22             15        3.15154      0.0482686              1
22             16        3.14652      0.0198538              1
22             17      0.0407838      0.0207879              1
22             18      0.0397899     0.00294346              1
22             19          3.151      0.0345576              1
22             20        3.16853      0.0351602              1
22             21     0.00351419      0.0173904              1
22             22      0.0104041     0.00500239              1
22             23        3.16633      0.0153553              1
23              0        3.15813     0.00631425              1
23              1        3.17605      0.0466515              1
23              2      0.0326325      0.0281515              1
23              3     0.00853321      0.0155471              1
23              4        3.17951      0.0285718              1
23              5        3.16979     0.00164635              1
23              6      0.0423869      0.0340099              1
23              7       0.029189      0.0468432              1
23              8        3.15194      0.0201104              1
23              9        3.15033     0.00412067              1
23             10      0.0077899       0.040565              1
23             11      0.0128633      0.0149642              1
23             12        3.17876     0.00699352              1
23             13        3.19131     0.00761747              1
23             14      0.0209208     0.00393488              1
23             15      0.0113698      0.0233933              1
23             16        3.15257      0.0197317              1
23             17        3.18334      0.0205616              1
23             18      0.0138897      0.0491611              1
23             19      0.0183624      0.0267204              1
23             20        3.15697      0.0445814              1
23             21        3.17263      0.0058269              1
23             22      0.0479115      0.0114694              1
23             23      0.0362772      0.0334498              1
