#x              y     Theta(x,y)       Phi(x,y)Moment_Size(x,y)
0              0      0.0451802      0.0425118              1
0              1        3.18215     0.00107586              1
0              2        3.18023      0.0243604              1
0              3      0.0393978      0.0424326              1
0              4      0.0339239     0.00985423              1
0              5        3.15717     0.00247748              1
0              6        3.15921      0.0412482              1
0              7      0.0303678      0.0246079              1
0              8     0.00941107      0.0108648              1
0              9        3.17464     0.00288865              1
0             10        3.18392     0.00369515              1
0             11       0.016598      0.0225812              1
0             12     0.00680166       0.042135              1
0             13        3.18406      0.0271449              1
0             14        3.16038      0.0370066              1
0             15     0.00061449      0.0492475              1
0             16     0.00452456      0.0499186              1
0             17        3.17926        0.01483              1
0             18        3.18322      0.0203679              1
0             19      0.0199094       0.014313              1
0             20     0.00449311      0.0147482              1
0             21        3.16154     0.00864398              1
0             22         3.1421      0.0450964              1
0             23      0.0290869      0.0477505              1
1              0       0.039191      0.0462659              1
1              1     0.00754631      0.0360409              1
1              2         3.1604      0.0256693              1
1              3        3.16908      0.0301975              1
1              4      0.0460399      0.0417447              1
1              5      0.0423683      0.0471104              1
1              6        3.15457      0.0244585              1
1              7        3.18731      0.0407669              1
1              8      0.0486713      0.0195178              1
1              9      0.0343262      0.0253014              1
1             10         3.1426       0.048953              1
1             11        3.18354      0.0215117              1
1             12       0.033161      0.0419818              1
1             13      0.0169282      0.0489208              1
1             14        3.15231      0.0248193              1
1             15        3.16924      0.0180331              1
1             16      0.0284939       0.020581              1
1             17       0.036009      0.0406682              1
1             18        3.16024      0.0210263              1
1             19        3.17624      0.0359792              1
1             20      0.0348292      0.0418118              1
1             21      0.0165489     0.00595215              1
1             22        3.15457      0.0226306              1
1             23        3.14421      0.0450169              1
2              0        3.15424     0.00679429              1
2              1     0.00415835      0.0195428              1
2              2      0.0111605      0.0281552              1
2              3        3.17258      0.0213244              1
2              4        3.17571      0.0207443              1
2              5     0.00916321      0.0266001              1
2              6     0.00309857      0.0173684              1
2              7        3.18902      0.0315173              1
2              8        3.17949       0.023958              1
2              9      0.0190258      0.0371457              1
2             10      0.0478029      0.0114915              1
2             11         3.1573      0.0343859              1
2             12        3.14943     0.00680598              1
2             13      0.0469716    0.000857216              1
2             14     0.00879386      0.0359911              1
2             15        3.16233     0.00902207              1
2             16          3.166      0.0264561              1
2             17      0.0216317      0.0150053              1
2             18      0.0196862      0.0159987              1
2             19        3.18311      0.0433884              1
2             20        3.15918      0.0175434              1
2             21      0.0189775    0.000803714              1
2             22      0.0447787      0.0498588              1
2             23        3.17303      0.0489558              1
3              0        3.15282     0.00498252              1
3              1        3.15783     0.00252314              1
3              2     0.00437206      0.0313679              1
3              3     0.00521186      0.0309436              1
3              4        3.14609      0.0489911              1
3              5        3.17903      0.0380721              1
3              6      0.0324423      0.0399488              1
3              7      0.0456636      0.0358093              1
3              8        3.16627     0.00661091              1
3              9        3.16749       0.041886              1
3             10      0.0490614      0.0432039              1
3             11     0.00495024      0.0246864              1
3             12         3.1423      0.0298411              1
3             13        3.15802      0.0242414              1
3             14      0.0018165     0.00588608              1
3             15      0.0493702      0.0134655              1
3             16        3.15218      0.0243491              1
3             17        3.17084      0.0367306              1
3             18      0.0155414      0.0453927              1
3             19       0.025115      0.0248781              1
3             20        3.14402       0.037472              1
3             21          3.145      0.0339082              1
3             22     0.00912804       0.041581              1
3             23     0.00505315      0.0416959              1
4              0     0.00110439      0.0342921              1
4              1        3.16749     0.00853349              1
4              2        3.16037      0.0307661              1
4              3      0.0336144      0.0358285              1
4              4      0.0355001     0.00938131              1
4              5        3.17738      0.0297922              1
4              6        3.17477      0.0201291              1
4              7     0.00799439     0.00800528              1
4              8      0.0284596      0.0407007              1
4              9        3.19116     0.00799348              1
4             10         3.1484      0.0259807              1
4             11     0.00364621      0.0306656              1
4             12      0.0316786      0.0229951              1
4             13        3.16305       0.019525              1
4             14           3.17      0.0338837              1
4             15     0.00138185      0.0189121              1
4             16      0.0109962     0.00213209              1
4             17         3.1705      0.0348816              1
4             18        3.14846      0.0268331              1
4             19      0.0249118      0.0211828              1
4             20       0.030081      0.0447527              1
4             21        3.15616      0.0359349              1
4             22          3.187      0.0206346              1
4             23      0.0390098      0.0425204              1
5              0      0.0327042      0.0484198              1
5              1      0.0253248      0.0409492              1
5              2        3.17841      0.0192344              1
5              3        3.15244      0.0213701              1
5              4     0.00192384     0.00964998              1
5              5      0.0227427      0.0496605              1
5              6        3.15533      0.0172959              1
5              7        3.17846      0.0151268              1
5              8       0.016235      0.0483476              1
5              9      0.0328418      0.0340134              1
5             10        3.18608      0.0160974              1
5             11        3.18005     0.00716198              1
5             12     0.00798476     0.00446187              1
5             13      0.0276247    0.000167855              1
5             14        3.18673      0.0395914              1
5             15        3.16479      0.0134814              1
5             16     0.00841577      0.0297024              1
5             17      0.0166801      0.0360859              1
5             18        3.14218      0.0282606              1
5             19        3.19041      0.0447719              1
5             20      0.0387187      0.0110455              1
5             21      0.0209597      0.0363068              1
5             22        3.18627      0.0224391              1
5             23        3.15177      0.0415105              1
6              0        3.18176     0.00663892              1
6              1      0.0330188       0.035806              1
6              2      0.0315953      0.0326214              1
6              3        3.17061      0.0210237              1
6              4        3.18509      0.0134328              1
6              5      0.0485081      0.0105859              1
6              6      0.0244157      0.0441826              1
6              7        3.17898      0.0440024              1
6              8        3.18399     0.00429656              1
6              9      0.0334557      0.0315565              1
6             10     0.00565434       0.047437              1
6             11        3.16621      0.0303183              1
6             12        3.15251      0.0143024              1
6             13      0.0211865     0.00969344              1
6             14     0.00795752      0.0486009              1
6             15        3.18972      0.0242125              1
6             16        3.14673      0.0193614              1
6             17      0.0109802      0.0411083              1
6             18     0.00619038     0.00612189              1
6             19        3.15493      0.0246164              1
6             20         3.1787      0.0495336              1
6             21       0.013001      0.0218107              1
6             22       0.001498      0.0322856              1
6             23        3.18138      0.0465607              1
7              0        3.15163     0.00338122              1
7              1         3.1598     0.00901469              1
7              2       0.026025      0.0275611              1
7              3     0.00897299     0.00906679              1
7              4        3.15298       0.040332              1
7              5        3.17235      0.0449247              1
7              6      0.0383829     0.00233007              1
7              7      0.0437521      0.0271715              1
7              8        3.14901      0.0412276              1
7              9        3.19101        0.04121              1
7             10      0.0145137      0.0490342              1
7             11       0.031143      0.0294334              1
7             12        3.17518      0.0485445              1
7             13        3.16294      0.0207123              1
7             14       0.024259      0.0140134              1
7             15      0.0498166      0.0446699              1
7             16        3.17435      0.0164391              1
7             17        3.16285      0.0160598              1
7             18      0.0152497     0.00126792              1
7             19        0.04162      0.0328507              1
7             20        3.18951     0.00324578              1
7             21        3.18282      0.0213936              1
7             22      0.0195871      0.0461395              1
7             23      0.0127741     0.00327072              1
8              0       0.049914      0.0282986              1
8              1        3.15892      0.0101123              1
8              2        3.14654      0.0491324              1
8              3     0.00625902      0.0356043              1
8              4      0.0310018    0.000874598              1
8              5        3.15136      0.0293061              1
8              6        3.15543     0.00639387              1
8              7    0.000195545      0.0185801              1
8              8      0.0458123       0.029785              1
8              9        3.16769      0.0128728              1
8             10        3.17505       0.043565              1
8             11      0.0213245     0.00206961              1
8             12    0.000346749      0.0309434              1
8             13        3.16388      0.0250147              1
8             14         3.1905      0.0407637              1
8             15      0.0146339      0.0282198              1
8             16      0.0109996      0.0465945              1
8             17        3.14739     0.00549981              1
8             18        3.16564     0.00461618              1
8             19      0.0157201      0.0289527              1
8             20      0.0412181     0.00104244              1
8             21        3.17434      0.0495789              1
8             22        3.16141     0.00851805              1
8             23      0.0406896      0.0146038              1
9              0      0.0178241      0.0191887              1
9              1      0.0477323     0.00582122              1
9              2        3.15322      0.0471798              1
9              3        3.17538      0.0446282              1
9              4      0.0349053      0.0264997              1
9              5      0.0242964      0.0205566              1
9              6        3.18642      0.0218981              1
9              7        3.14805       0.032437              1
9              8      0.0224613      0.0378636              1
9              9      0.0393554     0.00277442              1
9             10        3.14519      0.0302822              1
9             11        3.18184      0.0267279              1
9             12      0.0118691      0.0270786              1
9             13      0.0171802       0.048388              1
9             14        3.15478      0.0478489              1
9             15        3.17103      0.0156674              1
9             16       0.048376      0.0095598              1
9             17      0.0362777      0.0187872              1
9             18        3.15216      0.0186437              1
9             19        3.18514      0.0391205              1
9             20      0.0301253     0.00601623              1
9             21      0.0285279      0.0203232              1
9             22        3.16483      0.0161199              1
9             23        3.16931       0.036109              1
10              0        3.14446     0.00353119              1
10              1     0.00147381      0.0428593              1
10              2      0.0406109     0.00686241              1
10              3        3.16326      0.0120751              1
10              4        3.18238      0.0362068              1
10              5      0.0213439      0.0165341              1
10              6     0.00557449       0.003369              1
10              7        3.15107       0.017472              1
10              8         3.1492      0.0476687              1
10              9      0.0108232      0.0355494              1
10             10      0.0189004      0.0368126              1
10             11        3.14978      0.0115293              1
10             12        3.15377      0.0246997              1
10             13       0.036695     0.00830646              1
10             14      0.0306892      0.0255562              1
10             15         3.1625      0.0391378              1
10             16        3.18868      0.0293541              1
10             17      0.0417566      0.0454733              1
10             18      0.0332369       0.014987              1
10             19        3.18406     0.00735363              1
10             20        3.18825      0.0488232              1
10             21      0.0131844       0.016067              1
10             22      0.0251827      0.0300611              1
10             23        3.16691      0.0281958              1
11              0        3.16482       0.021852              1
11              1         3.1614      0.0393656              1
11              2       0.023928    0.000365655              1
11              3      0.0287611      0.0187582              1
11              4        3.15862      0.0464833              1
11              5        3.14719       0.017213              1
11              6      0.0193842      0.0233482              1
11              7      0.0220781      0.0344671              1
11              8        3.16584      0.0463945              1
11              9         3.1471      0.0254219              1
11             10      0.0373215      0.0104934              1
11             11       0.032422     0.00803201              1
11             12        3.15032      0.0485158              1
11             13        3.18535      0.0294673              1
11             14      0.0272701      0.0282295              1
11             15      0.0445306      0.0446257              1
11             16        3.14248      0.0378079              1
11             17        3.14247      0.0190452              1
11             18      0.0118606       0.020188              1
11             19      0.0479197      0.0144281              1
11             20        3.16198      0.0192776              1
11             21        3.15031      0.0274326              1
11             22      0.0188604      0.0381311              1
11             23     0.00583554      0.0318003              1
12              0      0.0388286      0.0163702              1
12              1        3.16879     0.00705933              1
12              2        3.15894     0.00590202              1
12              3     0.00156873      0.0431664              1
12              4     0.00745792      0.0390118              1
12              5        3.16839      0.0229378              1
12              6        3.18427    0.000977889              1
12              7      0.0449143     0.00849699              1
12              8      0.0494523     0.00867773              1
12              9        3.16965    0.000270823              1
12             10        3.14455      0.0139169              1
12             11      0.0242805      0.0381224              1
12             12      0.0226416     0.00328963              1
12             13        3.17113      0.0204396              1
12             14        3.18056      0.0115331              1
12             15      0.0356449      0.0454048              1
12             16       0.038304      0.0258011              1
12             17        3.16323      0.0496807              1
12             18        3.15298      0.0417241              1
12             19       0.048016       0.045056              1
12             20      0.0161823      0.0166583              1
12             21        3.16635      0.0417401              1
12             22        3.16147      0.0327083              1
12             23      0.0416272      0.0305045              1
13              0      0.0234042     0.00643391              1
13              1      0.0358672      0.0081038              1
13              2        3.16771      0.0225869              1
13              3        3.14185      0.0461789              1
13              4     0.00321811      0.0448722              1
13              5      0.0268096      0.0125328              1
13              6        3.15924      0.0347854              1
13              7        3.15745      0.0269039              1
13              8    0.000131297      0.0251074              1
13              9      0.0186975      0.0445542              1
13             10        3.17259     0.00573805              1
13             11        3.17662      0.0238892              1
13             12       0.030271      0.0240658              1
13             13      0.0444154      0.0464434              1
13             14        3.15733      0.0432001              1
13             15        3.18723       0.049653              1
13             16      0.0381357       0.046411              1
13             17      0.0230899      0.0130741              1
13             18        3.15047      0.0409998              1
13             19        3.16281      0.0343643              1
13             20      0.0224403      0.0323936              1
13             21      0.0328282      0.0179744              1
13             22        3.17303      0.0114532              1
13             23        3.17593      0.0276629              1
14              0        3.15992     0.00878066              1
14              1       0.018544      0.0469082              1
14              2     0.00874272      0.0265621              1
14              3        3.15206      0.0203723              1
14              4        3.18326      0.0146477              1
14              5     0.00322567      0.0345807              1
14              6      0.0170212      0.0427167              1
14              7        3.16351      0.0336457              1
14              8        3.15731      0.0240015              1
14              9      0.0233842      0.0485593              1
14             10      0.0111747     0.00442316              1
14             11        3.18516      0.0387715              1
14             12        3.16721      0.0361175              1
14             13       0.010248     0.00513108              1
14             14      0.0126885      0.0242777              1
14             15        3.14847      0.0481279              1
14             16        3.15445     0.00913608              1
14             17      0.0254101      0.0385407              1
14             18       0.029429      0.0201277              1
14             19        3.15838     0.00891024              1
14             20        3.14378     0.00368721              1
14             21      0.0127288      0.0136268              1
14             22      0.0237221      0.0334468              1
14             23        3.18292     0.00295896              1
15              0        3.16288      0.0178999              1
15              1        3.15471      0.0478402              1
15              2      0.0139775      0.0156284              1
15              3       0.011593      0.0265268              1
15              4        3.14466     0.00810945              1
15              5        3.17527      0.0410845              1
15              6      0.0370117      0.0470375              1
15              7      0.0379368      0.0469555              1
15              8         3.1659      0.0405163              1
15              9        3.15423       0.014312              1
15             10      0.0473299      0.0359551              1
15             11      0.0225762      0.0332108              1
15             12        3.17005       0.023964              1
15             13        3.15159      0.0272557              1
15             14      0.0451422      0.0362297              1
15             15     0.00482823     0.00416749              1
15             16        3.16095      0.0398607              1
15             17        3.15669      0.0224521              1
15             18      0.0188459      0.0162698              1
15             19      0.0225544     0.00210506              1
15             20        3.14332      0.0356957              1
15             21        3.17748      0.0061288              1
15             22       0.034002     0.00573125              1
15             23      0.0113307      0.0453159              1
16              0      0.0490546      0.0169071              1
16              1        3.15448      0.0297898              1
16              2        3.18286       0.033638              1
16              3     0.00931764      0.0376634              1
16              4      0.0343548      0.0370451              1
16              5        3.18403      0.0400358              1
16              6        3.16902     0.00203762              1
16              7      0.0460016       0.043486              1
16              8    0.000114027      0.0300913              1
16              9        3.14682     0.00559958              1
16             10        3.17172      0.0286414              1
16             11      0.0393266     0.00965202              1
16             12    0.000995207      0.0311788              1
16             13        3.16173      0.0070632              1
16             14        3.18141       0.010192              1
16             15    0.000162614      0.0187723              1
16             16    0.000932361     0.00139556              1
16             17        3.16339      0.0152198              1
16             18        3.18877     0.00939924              1
16             19     0.00455258      0.0370947              1
16             20       0.046175    0.000791766              1
16             21        3.16909      0.0409124              1
16             22        3.16476     0.00875848              1
16             23      0.0198105      0.0456048              1
17              0      0.0188059      0.0293815              1
17              1      0.0278033      0.0337466              1
17              2        3.18385      0.0465528              1
17              3        3.16253      0.0182537              1
17              4      0.0297636     0.00180204              1
17              5     0.00265573      0.0250465              1
17              6        3.14824       0.032453              1
17              7        3.18837      0.0278414              1
17              8      0.0279099      0.0201836              1
17              9      0.0485791      0.0166207              1
17             10        3.14947      0.0275973              1
17             11        3.17903      0.0266253              1
17             12      0.0381377      0.0265537              1
17             13        0.03933      0.0470086              1
17             14        3.15124      0.0124975              1
17             15         3.1658     0.00580585              1
17             16      0.0380002      0.0112574              1
17             17     0.00430418      0.0118305              1
17             18        3.18371      0.0311065              1
17             19        3.15936      0.0437913              1
17             20      0.0431152     0.00336033              1
17             21       0.034868      0.0479032              1
17             22        3.17834     0.00825292              1
17             23        3.17319     0.00469138              1
18              0        3.17563       0.026527              1
18              1      0.0202279      0.0169528              1
18              2     0.00213333     0.00727908              1
18              3        3.15404      0.0190796              1
18              4         3.1631    1.22435e-05              1
18              5      0.0461489       0.023167              1
18              6      0.0139866     0.00967765              1
18              7         3.1431       0.021652              1
18              8        3.16184     0.00701455              1
18              9      0.0343945      0.0209816              1
18             10        0.01074      0.0370204              1
18             11        3.16292     0.00952724              1
18             12        3.18103      0.0200454              1
18             13      0.0382327      0.0243939              1
18             14      0.0157469      0.0426761              1
18             15        3.15362      0.0324709              1
18             16         3.1621     0.00119736              1
18             17     0.00552509      0.0145775              1
18             18      0.0193247      0.0269234              1
18             19        3.15794      0.0450242              1
18             20        3.18906      0.0350477              1
18             21      0.0357918      0.0460775              1
18             22      0.0258633     0.00919666              1
18             23         3.1629      0.0368806              1
19              0        3.18084      0.0496534              1
19              1        3.18985      0.0156287              1
19              2      0.0397801      0.0180172              1
19              3      0.0499562      0.0438898              1
19              4        3.18943     0.00836861              1
19              5         3.1749      0.0437805              1
19              6      0.0447401     0.00728824              1
19              7      0.0207184      0.0185138              1
19              8        3.18395      0.0436473              1
19              9        3.16167       0.021428              1
19             10       0.010683      0.0181803              1
19             11      0.0165383      0.0106362              1
19             12        3.16775     0.00837176              1
19             13        3.15874     0.00401271              1
19             14        0.04875      0.0221871              1
19             15      0.0387248      0.0237947              1
19             16         3.1698      0.0390901              1
19             17        3.18852     0.00815771              1
19             18     0.00702468      0.0143239              1
19             19      0.0312341      0.0205981              1
19             20        3.17131      0.0458718              1
19             21        3.14552      0.0413551              1
19             22     0.00271786     0.00345005              1
19             23      0.0240431      0.0259227              1
20              0     0.00593079      0.0375497              1
20              1        3.17905      0.0351398              1
20              2        3.16035      0.0373867              1
20              3      0.0341489     0.00451469              1
20              4     0.00298162      0.0334132              1
20              5        3.14688      0.0332882              1
20              6        3.16372      0.0122809              1
20              7      0.0277834       0.037906              1
20              8      0.0477548       0.032171              1
20              9        3.18455      0.0265738              1
20             10        3.17316      0.0405864              1
20             11      0.0438533      0.0272624              1
20             12      0.0272888      0.0308194              1
20             13         3.1873      0.0308774              1
20             14        3.17995      0.0168459              1
20             15     0.00597138      0.0372846              1
20             16      0.0216445      0.0184264              1
20             17        3.16765      0.0340714              1
20             18          3.153      0.0288445              1
20             19      0.0198681     0.00458641              1
20             20     0.00277215      0.0484457              1
20             21        3.17797     0.00996552              1
20             22        3.17354       0.012567              1
20             23      0.0420664      0.0363993              1
21              0      0.0428006      0.0356949              1
21              1       0.017252      0.0247271              1
21              2         3.1447       0.031996              1
21              3        3.18792      0.0214875              1
21              4      0.0136116      0.0235791              1
21              5      0.0261562      0.0230292              1
21              6        3.16082      0.0121958              1
21              7        3.18446      0.0170465              1
21              8      0.0296769      0.0347857              1
21              9     0.00986055     0.00798473              1
21             10        3.16612      0.0487869              1
21             11        3.17591      0.0119352              1
21             12      0.0156698      0.0440512              1
21             13      0.0109326      0.0165232              1
21             14        3.16494      0.0462266              1
21             15        3.19151      0.0098267              1
21             16      0.0100219      0.0433856              1
21             17      0.0288372     0.00966464              1
21             18        3.16421     0.00184861              1
21             19         3.1511      0.0439872              1
21             20      0.0326634      0.0392344              1
21             21     0.00723726     0.00820478              1
21             22        3.15113     0.00113595              1
21             23        3.16448       0.036334              1
22              0        3.16121      0.0198389              1
22              1      0.0320545      0.0151243              1
22              2     0.00405225      0.0291772              1
22              3        3.17712      0.0103595              1
22              4        3.18659      0.0185148              1
22              5      0.0431022      0.0420734              1
22              6     0.00984343      0.0376226              1
22              7        3.19056     0.00410951              1
22              8        3.18193      0.0160771              1
22              9      0.0406741      0.0407806              1
22             10     0.00545253       0.037458              1
22             11         3.1497      0.0289616              1
22             12        3.18471       0.014446              1
22             13     0.00213269      0.0411929              1
22             14     0.00384212      0.0166779              1
22             15        3.16285      0.0448484              1
22             16        3.18503      0.0301748              1
22             17      0.0480616      0.0290273              1
22             18      0.0342561      0.0430778              1
22             19        3.19149     0.00369424              1
22             20        3.18214      0.0247127              1
22             21       0.028379      0.0332486              1
22             22      0.0379341      0.0434971              1
22             23        3.14179      0.0250357              1
23              0        3.18116     0.00845401              1
23              1        3.14424     0.00925626              1
23              2      0.0357962      0.0356775              1
23              3      0.0258517       0.047262              1
23              4        3.18296      0.0297704              1
23              5        3.16996        0.04271              1
23              6      0.0420094     0.00125477              1
23              7      0.0410951      0.0127977              1
23              8        3.15561      0.0428367              1
23              9        3.18468     0.00158036              1
23             10      0.0353249      0.0209604              1
23             11      0.0228378      0.0302721              1
23             12        3.14699      0.0396918              1
23             13         3.1636     0.00727232              1
23             14      0.0317628      0.0357263              1
23             15       0.036851    0.000388484              1
23             16         3.1708      0.0409395              1
23             17        3.17583      0.0232233              1
23             18      0.0243733     0.00240121              1
23             19     0.00632918      0.0158217              1
23             20        3.15595      0.0104568              1
23             21        3.17438      0.0180126              1
23             22      0.0277496      0.0281311              1
23             23      0.0321647      0.0204638              1
