#x              y     Theta(x,y)       Phi(x,y)Moment_Size(x,y)
0              0      0.0392774      0.0226915              1
0              1        3.18099      0.0202912              1
0              2         3.1757     0.00286283              1
0              3     0.00393893     0.00142213              1
0              4      0.0165063      0.0310291              1
0              5        3.19052       0.036093              1
0              6        3.14264      0.0295552              1
0              7      0.0178138      0.0179587              1
0              8      0.0131332       0.020666              1
0              9        3.15441      0.0340383              1
0             10        3.15809     0.00264574              1
0             11       0.042377      0.0307486              1
0             12      0.0196133      0.0268999              1
0             13         3.1523      0.0356937              1
0             14        3.15521      0.0428031              1
0             15      0.0412405      0.0445339              1
0             16    0.000703393      0.0402864              1
0             17        3.15896      0.0436186              1
0             18        3.16267      0.0212349              1
0             19      0.0138516     0.00104842              1
0             20      0.0258403      0.0440976              1
0             21        3.15781      0.0230253              1
0             22        3.17044      0.0386212              1
0             23     0.00369644      0.0443275              1
1              0      0.0297125     0.00311549              1
1              1      0.0356692      0.0289002              1
1              2        3.15647      0.0171658              1
1              3        3.14972      0.0234391              1
1              4      0.0116989      0.0382114              1
1              5      0.0154071      0.0242133              1
1              6          3.146       0.016088              1
1              7         3.1851      0.0171541              1
1              8      0.0308504      0.0386658              1
1              9      0.0418142      0.0229723              1
1             10        3.18309     0.00639819              1
1             11        3.18649      0.0464822              1
1             12     0.00562141      0.0427472              1
1             13      0.0315112      0.0392021              1
1             14        3.14642      0.0115955              1
1             15        3.17595      0.0434103              1
1             16      0.0456227      0.0203466              1
1             17      0.0138119      0.0250586              1
1             18        3.15692      0.0269355              1
1             19        3.14305       0.043577              1
1             20      0.0428678      0.0247671              1
1             21      0.0475513      0.0168131              1
1             22        3.15145      0.0068118              1
1             23        3.18995      0.0182247              1
2              0        3.16899     0.00281932              1
2              1      0.0251204       0.030031              1
2              2     0.00873616      0.0237156              1
2              3        3.14401      0.0175808              1
2              4        3.18807    0.000795748              1
2              5     0.00742938      0.0143796              1
2              6      0.0145579      0.0384541              1
2              7        3.15357      0.0391829              1
2              8        3.15201       0.027654              1
2              9      0.0123341      0.0491244              1
2             10    0.000877126      0.0393222              1
2             11        3.16065      0.0143649              1
2             12        3.16441      0.0381587              1
2             13      0.0477405      0.0069303              1
2             14      0.0325001      0.0240623              1
2             15        3.16212      0.0493932              1
2             16        3.17365      0.0361104              1
2             17      0.0265578      0.0315839              1
2             18      0.0396772      0.0187022              1
2             19         3.1823       0.010562              1
2             20        3.14258      0.0450926              1
2             21      0.0236208      0.0269818              1
2             22    0.000112604      0.0498736              1
2             23        3.18962      0.0405797              1
3              0        3.18365     0.00192938              1
3              1        3.14794     0.00297625              1
3              2      0.0212627    0.000724117              1
3              3      0.0231361      0.0234468              1
3              4        3.18559      0.0391775              1
3              5        3.15254     0.00393402              1
3              6      0.0313363      0.0210278              1
3              7      0.0100266      0.0101926              1
3              8        3.15733      0.0402215              1
3              9        3.16954      0.0388043              1
3             10      0.0237223      0.0116476              1
3             11      0.0330552      0.0236074              1
3             12        3.17856      0.0120847              1
3             13        3.14726      0.0305126              1
3             14      0.0419012      0.0183924              1
3             15      0.0112877     0.00614026              1
3             16        3.16772       0.016293              1
3             17        3.19126      0.0278963              1
3             18      0.0130153      0.0231923              1
3             19      0.0421905      0.0368101              1
3             20        3.16397     0.00893594              1
3             21         3.1693      0.0388633              1
3             22      0.0308246    0.000154748              1
3             23      0.0437357      0.0238785              1
4              0      0.0378283      0.0387512              1
4              1        3.16703      0.0145028              1
4              2        3.15832     0.00863407              1
4              3      0.0145661      0.0405503              1
4              4     0.00944655        0.04859              1
4              5         3.1616      0.0239241              1
4              6        3.17955      0.0145012              1
4              7      0.0224783     0.00717181              1
4              8      0.0182409      0.0441692              1
4              9        3.17542      0.0489155              1
4             10        3.16025      0.0409713              1
4             11      0.0444205      0.0489977              1
4             12     0.00246495      0.0423994              1
4             13        3.14946      0.0193263              1
4             14         3.1801      0.0194666              1
4             15      0.0109022      0.0299415              1
4             16      0.0398944      0.0219119              1
4             17        3.16895      0.0393611              1
4             18         3.1765       0.046109              1
4             19      0.0217241      0.0199119              1
4             20      0.0455251       0.031114              1
4             21        3.15843      0.0207345              1
4             22        3.18026      0.0387901              1
4             23      0.0242169      0.0453505              1
5              0      0.0337395      0.0223864              1
5              1      0.0118037      0.0495408              1
5              2        3.14275      0.0486035              1
5              3        3.19088      0.0354074              1
5              4      0.0148208       0.026431              1
5              5      0.0446604      0.0341437              1
5              6        3.17268     0.00749631              1
5              7        3.16045      0.0274492              1
5              8      0.0220332      0.0290379              1
5              9      0.0433622       0.018884              1
5             10        3.14333      0.0458409              1
5             11        3.18858      0.0290691              1
5             12     0.00329107      0.0460413              1
5             13      0.0243391       0.035385              1
5             14        3.18594      0.0328019              1
5             15        3.15865       0.047158              1
5             16      0.0210005     0.00241532              1
5             17      0.0430197      0.0446023              1
5             18        3.15495       0.035999              1
5             19        3.15497      0.0374876              1
5             20     0.00262737      0.0465696              1
5             21      0.0172953      0.0265018              1
5             22        3.16525      0.0347227              1
5             23        3.17189      0.0216031              1
6              0        3.16518      0.0186432              1
6              1      0.0374206      0.0484189              1
6              2      0.0142785      0.0221327              1
6              3        3.15655      0.0381789              1
6              4        3.17831      0.0376784              1
6              5      0.0479361      0.0467609              1
6              6      0.0203582      0.0280366              1
6              7        3.16473     0.00938667              1
6              8        3.14233      0.0307253              1
6              9     0.00402096         0.0118              1
6             10      0.0409352      0.0292472              1
6             11         3.1827      0.0328957              1
6             12        3.19087      0.0452553              1
6             13      0.0123631     0.00508118              1
6             14      0.0412102      0.0422004              1
6             15        3.14852      0.0299111              1
6             16        3.18233      0.0390783              1
6             17    0.000680363      0.0113239              1
6             18      0.0151533      0.0379639              1
6             19        3.15355     0.00798315              1
6             20        3.18599      0.0452919              1
6             21      0.0355514      0.0142037              1
6             22      0.0273808      0.0146744              1
6             23        3.18939      0.0094207              1
7              0        3.18724      0.0343936              1
7              1        3.14914      0.0447909              1
7              2      0.0190719      0.0296711              1
7              3      0.0115734      0.0414484              1
7              4        3.15522    0.000804658              1
7              5        3.17491      0.0417436              1
7              6      0.0115423       0.042573              1
7              7      0.0315333      0.0341723              1
7              8        3.17104      0.0333826              1
7              9        3.14795      0.0289047              1
7             10      0.0139988      0.0266856              1
7             11      0.0121219     0.00467721              1
7             12        3.16735      0.0293787              1
7             13        3.16533      0.0305959              1
7             14      0.0281906      0.0291119              1
7             15      0.0489178      0.0131522              1
7             16        3.19056     0.00263535              1
7             17        3.15234      0.0313324              1
7             18     0.00312156      0.0452821              1
7             19      0.0186444      0.0383114              1
7             20        3.16657      0.0318237              1
7             21        3.17627       0.045685              1
7             22      0.0259184     0.00761983              1
7             23     0.00948277      0.0318685              1
8              0      0.0182675      0.0100551              1
8              1        3.18412      0.0188611              1
8              2        3.14263      0.0167232              1
8              3      0.0331118     0.00352163              1
8              4      0.0463973    0.000150432              1
8              5         3.1768      0.0300991              1
8              6        3.18053      0.0321204              1
8              7     0.00341565      0.0467754              1
8              8      0.0109826      0.0383035              1
8              9        3.16071      0.0453363              1
8             10        3.16509      0.0268168              1
8             11     0.00993488      0.0273794              1
8             12      0.0216866      0.0425057              1
8             13        3.18631      0.0163844              1
8             14        3.17615      0.0154429              1
8             15      0.0284461      0.0340123              1
8             16      0.0430452      0.0387753              1
8             17        3.17349     0.00259858              1
8             18        3.17884     0.00160533              1
8             19     0.00354475      0.0159193              1
8             20      0.0119025      0.0132324              1
8             21        3.16063      0.0110476              1
8             22        3.17757      0.0152914              1
8             23      0.0222167      0.0475231              1
9              0      0.0455225      0.0370257              1
9              1      0.0404202     0.00554119              1
9              2        3.15053      0.0400466              1
9              3        3.17566      0.0288648              1
9              4      0.0162206      0.0397939              1
9              5      0.0307122      0.0151098              1
9              6        3.15465      0.0491525              1
9              7        3.14505      0.0133274              1
9              8      0.0329245      0.0442622              1
9              9     0.00397208      0.0342707              1
9             10        3.16106      0.0149976              1
9             11        3.16684      0.0391695              1
9             12      0.0409205      0.0352086              1
9             13        0.01926      0.0173243              1
9             14        3.15741      0.0224071              1
9             15         3.1454      0.0312408              1
9             16      0.0124148      0.0130827              1
9             17      0.0049168       0.035127              1
9             18        3.18901      0.0202399              1
9             19         3.1623      0.0418567              1
9             20     0.00136605      0.0305419              1
9             21       0.048174      0.0335952              1
9             22        3.16194      0.0224585              1
9             23        3.14505      0.0464489              1
10              0        3.18363      0.0163159              1
10              1      0.0178293    0.000335229              1
10              2      0.0408108      0.0189276              1
10              3        3.17564     0.00180552              1
10              4         3.1761      0.0464681              1
10              5      0.0415039     0.00101176              1
10              6      0.0359312      0.0164727              1
10              7        3.17036      0.0115487              1
10              8        3.15015      0.0282327              1
10              9      0.0302405      0.0452435              1
10             10      0.0170111      0.0218472              1
10             11        3.15996      0.0381248              1
10             12        3.17672      0.0191375              1
10             13       0.036103      0.0304379              1
10             14      0.0481706     0.00349977              1
10             15        3.18556       0.030576              1
10             16        3.18425     0.00214016              1
10             17     0.00827398      0.0309246              1
10             18      0.0190183      0.0394489              1
10             19         3.1648       0.045871              1
10             20        3.17021      0.0449683              1
10             21      0.0128556      0.0263631              1
10             22      0.0387091      0.0295004              1
10             23        3.19077      0.0227886              1
11              0        3.18817      0.0221344              1
11              1         3.1707      0.0308667              1
11              2     0.00217586      0.0117746              1
11              3      0.0121862      0.0456807              1
11              4        3.18843       0.038041              1
11              5        3.18665       0.032948              1
11              6     0.00141793     0.00540182              1
11              7      0.0252283      0.0457471              1
11              8        3.14853      0.0325805              1
11              9        3.14357      0.0475687              1
11             10      0.0227893      0.0150665              1
11             11      0.0451657      0.0313958              1
11             12        3.19063      0.0409743              1
11             13        3.14519      0.0106114              1
11             14      0.0125942      0.0471754              1
11             15      0.0404788      0.0405362              1
11             16        3.17611      0.0107718              1
11             17        3.17579      0.0107035              1
11             18       0.025039       0.010272              1
11             19     0.00987288       0.029459              1
11             20        3.19088      0.0341095              1
11             21        3.16149     0.00727861              1
11             22      0.0323051      0.0270946              1
11             23      0.0354266     0.00669624              1
12              0      0.0135283      0.0117331              1
12              1        3.17477      0.0445183              1
12              2        3.16789      0.0459016              1
12              3      0.0257127      0.0337473              1
12              4     0.00236525      0.0350423              1
12              5        3.19049      0.0394533              1
12              6        3.16897      0.0402416              1
12              7     0.00789328      0.0286033              1
12              8      0.0303917       0.014546              1
12              9        3.14476      0.0349733              1
12             10        3.14181      0.0108248              1
12             11      0.0492656      0.0412561              1
12             12      0.0332228      0.0189429              1
12             13        3.16112      0.0354185              1
12             14        3.17978      0.0222353              1
12             15      0.0163366      0.0224849              1
12             16      0.0330391      0.0406225              1
12             17        3.19041      0.0195349              1
12             18        3.15524      0.0179602              1
12             19      0.0383398      0.0127879              1
12             20      0.0249933      0.0285213              1
12             21        3.14416      0.0202089              1
12             22         3.1423      0.0325345              1
12             23      0.0121555      0.0225442              1
13              0      0.0448093      0.0461944              1
13              1      0.0220776      0.0241906              1
13              2        3.17856      0.0242355              1
13              3          3.153      0.0222384              1
13              4     0.00990275      0.0140226              1
13              5      0.0499525       0.034272              1
13              6        3.18827      0.0202162              1
13              7        3.15365      0.0311098              1
13              8     0.00949459      0.0280229              1
13              9     0.00181286      0.0286909              1
13             10        3.14229      0.0114371              1
13             11        3.18344      0.0024731              1
13             12      0.0324855    0.000241392              1
13             13      0.0208169      0.0206721              1
13             14        3.16175      0.0279363              1
13             15        3.18584      0.0464782              1
13             16      0.0317902      0.0226458              1
13             17     0.00436828      0.0360422              1
13             18        3.15552      0.0387547              1
13             19        3.16813     0.00457917              1
13             20      0.0290492      0.0427492              1
13             21      0.0107693      0.0388526              1
13             22        3.15689      0.0313309              1
13             23        3.18965      0.0191975              1
14              0        3.14659      0.0147715              1
14              1     0.00777814      0.0483177              1
14              2     0.00460268      0.0240396              1
14              3        3.17797      0.0373777              1
14              4         3.1799      0.0174458              1
14              5      0.0156091      0.0444035              1
14              6     0.00350652      0.0270288              1
14              7        3.16038     0.00600223              1
14              8        3.15398      0.0393516              1
14              9     0.00505334      0.0320356              1
14             10      0.0104444       0.046852              1
14             11        3.14642      0.0297646              1
14             12        3.19033      0.0175549              1
14             13      0.0313866      0.0415098              1
14             14      0.0140953      0.0286592              1
14             15        3.18962      0.0408079              1
14             16        3.15851      0.0363112              1
14             17      0.0444209      0.0344641              1
14             18      0.0261922      0.0222997              1
14             19        3.16458      0.0302047              1
14             20         3.1679      0.0196941              1
14             21      0.0433879      0.0261656              1
14             22      0.0300005      0.0398469              1
14             23        3.14508      0.0203633              1
15              0        3.15459      0.0112924              1
15              1        3.15684      0.0160554              1
15              2      0.0437274      0.0226075              1
15              3      0.0339597      0.0218113              1
15              4        3.17909      0.0422088              1
15              5         3.1837      0.0232862              1
15              6      0.0470151     0.00399841              1
15              7      0.0124583      0.0463854              1
15              8        3.14254      0.0239335              1
15              9        3.15905      0.0489198              1
15             10      0.0107657      0.0189161              1
15             11      0.0084812      0.0113095              1
15             12        3.16472      0.0353373              1
15             13        3.15474     0.00687525              1
15             14      0.0377625     0.00299778              1
15             15      0.0236612      0.0333756              1
15             16        3.18711      0.0394501              1
15             17        3.14328      0.0374408              1
15             18      0.0375496      0.0451979              1
15             19      0.0024686     0.00246867              1
15             20        3.18667       0.012663              1
15             21        3.16456     0.00316613              1
15             22      0.0294947      0.0215249              1
15             23      0.0262533      0.0439813              1
16              0     0.00481492      0.0405526              1
16              1        3.16047      0.0243671              1
16              2         3.1836      0.0224389              1
16              3      0.0361538      0.0139628              1
16              4      0.0462914        0.01588              1
16              5        3.15472      0.0425788              1
16              6        3.17622      0.0325509              1
16              7      0.0336923       0.012034              1
16              8      0.0441774     0.00171445              1
16              9        3.16101       0.042798              1
16             10        3.15762      0.0289093              1
16             11      0.0206648      0.0414316              1
16             12      0.0396752     0.00342143              1
16             13        3.14593      0.0385355              1
16             14        3.14745     0.00494662              1
16             15      0.0030903     0.00550382              1
16             16      0.0245895      0.0336253              1
16             17        3.18734      0.0449373              1
16             18        3.14766      0.0280357              1
16             19      0.0210515     0.00441512              1
16             20      0.0102959      0.0391169              1
16             21         3.1746      0.0396361              1
16             22        3.18458     0.00506325              1
16             23       0.040677     0.00476643              1
17              0      0.0390597     0.00168873              1
17              1      0.0364367      0.0267912              1
17              2        3.17918      0.0496317              1
17              3        3.14343     0.00834269              1
17              4     0.00512821      0.0474843              1
17              5      0.0243555      0.0347973              1
17              6        3.17403      0.0486285              1
17              7         3.1811      0.0129718              1
17              8      0.0121302      0.0395145              1
17              9     0.00731785      0.0462052              1
17             10        3.17529      0.0308493              1
17             11        3.16025      0.0390175              1
17             12     0.00289044      0.0166786              1
17             13      0.0454674      0.0179113              1
17             14        3.14241       0.032646              1
17             15        3.18048      0.0377906              1
17             16    1.90308e-05     0.00327748              1
17             17     0.00252103      0.0322712              1
17             18        3.18813      0.0174072              1
17             19        3.18855      0.0456399              1
17             20      0.0379212     0.00755349              1
17             21      0.0324336      0.0270116              1
17             22        3.19124      0.0101214              1
17             23        3.18828      0.0234971              1
18              0        3.17539      0.0144863              1
18              1      0.0494888      0.0208059              1
18              2      0.0497193      0.0212233              1
18              3        3.16646      0.0289816              1
18              4        3.14393     0.00141533              1
18              5      0.0147395      0.0426033              1
18              6      0.0238008      0.0430337              1
18              7        3.15526      0.0499204              1
18              8        3.14468      0.0096091              1
18              9       0.013201      0.0378649              1
18             10      0.0405315     0.00109387              1
18             11        3.14175      0.0163097              1
18             12         3.1683      0.0213343              1
18             13      0.0299038      0.0147124              1
18             14     0.00819057     0.00927943              1
18             15        3.18425      0.0203091              1
18             16        3.14394      0.0397608              1
18             17      0.0168171      0.0204775              1
18             18      0.0284077      0.0215002              1
18             19        3.17725      0.0387635              1
18             20        3.14277      0.0382546              1
18             21      0.0125181       0.010465              1
18             22     0.00022439      0.0175013              1
18             23        3.14853     0.00377812              1
19              0        3.18656      0.0110056              1
19              1         3.1771      0.0228652              1
19              2      0.0214302     0.00840466              1
19              3      0.0155428      0.0431854              1
19              4        3.17702      0.0392527              1
19              5        3.18198      0.0109376              1
19              6      0.0324114    0.000780974              1
19              7      0.0243127      0.0293024              1
19              8        3.18008      0.0249739              1
19              9        3.16632      0.0313615              1
19             10      0.0268097      0.0343344              1
19             11      0.0271343      0.0330599              1
19             12        3.17175      0.0324252              1
19             13        3.18255      0.0336425              1
19             14     0.00500601      0.0084774              1
19             15      0.0338377    0.000561861              1
19             16        3.15307      0.0355204              1
19             17        3.14772      0.0085683              1
19             18      0.0328957      0.0243893              1
19             19      0.0120674      0.0149737              1
19             20        3.15674     0.00651537              1
19             21        3.15525      0.0443707              1
19             22     0.00962405      0.0123918              1
19             23     0.00893774      0.0493533              1
20              0     0.00630247       0.027114              1
20              1        3.16039      0.0127191              1
20              2        3.14396      0.0139318              1
20              3      0.0272138      0.0110247              1
20              4      0.0252315      0.0464046              1
20              5        3.18859      0.0121178              1
20              6         3.1597      0.0375268              1
20              7      0.0427686      0.0397849              1
20              8      0.0338954      0.0165561              1
20              9        3.14371      0.0386418              1
20             10        3.16959      0.0077355              1
20             11      0.0282996       0.035089              1
20             12      0.0402261      0.0114421              1
20             13         3.1898      0.0472299              1
20             14        3.16655      0.0270707              1
20             15      0.0460172     0.00836602              1
20             16      0.0205171      0.0397168              1
20             17        3.18911      0.0178357              1
20             18        3.15929     0.00272482              1
20             19     0.00389169      0.0172163              1
20             20      0.0035667     0.00484464              1
20             21        3.17724      0.0172973              1
20             22        3.14883      0.0361653              1
20             23       0.035387      0.0295515              1
21              0      0.0486366     0.00915395              1
21              1      0.0446914      0.0443673              1
21              2        3.16793      0.0266245              1
21              3        3.15987      0.0149297              1
21              4      0.0452414      0.0340574              1
21              5      0.0364031      0.0097748              1
21              6        3.18786      0.0453571              1
21              7        3.17469      0.0138849              1
21              8      0.0371138       0.043342              1
21              9      0.0142414      0.0229907              1
21             10        3.17711      0.0318685              1
21             11        3.16171      0.0384218              1
21             12     0.00204592      0.0298143              1
21             13    0.000395062      0.0111885              1
21             14        3.19112      0.0444762              1
21             15        3.14779      0.0202226              1
21             16       0.035572     0.00468296              1
21             17      0.0395282      0.0278425              1
21             18        3.14896      0.0184477              1
21             19        3.17843      0.0315678              1
21             20      0.0429219      0.0163349              1
21             21      0.0411547     0.00803112              1
21             22        3.16158      0.0157574              1
21             23        3.16851      0.0293785              1
22              0        3.18881      0.0457906              1
22              1      0.0220214      0.0289087              1
22              2        0.01729       0.037487              1
22              3        3.18298       0.023951              1
22              4        3.18793      0.0056831              1
22              5      0.0127693      0.0487317              1
22              6      0.0203964     0.00072512              1
22              7        3.14231      0.0493209              1
22              8        3.18943     0.00249766              1
22              9      0.0499535     0.00581873              1
22             10      0.0485047      0.0166366              1
22             11        3.17481      0.0273769              1
22             12        3.15272      0.0356369              1
22             13      0.0456256      0.0494191              1
22             14      0.0110304      0.0308752              1
22             15        3.16654      0.0120291              1
22             16        3.15027    0.000527405              1
22             17       0.010347       0.012882              1
22             18      0.0300776      0.0298739              1
22             19        3.15526      0.0436502              1
22             20        3.15625      0.0214481              1
22             21      0.0426909      0.0492754              1
22             22      0.0469096     0.00027379              1
22             23        3.16977     0.00799015              1
23              0        3.17215      0.0199704              1
23              1         3.1807     0.00988663              1
23              2     0.00756877      0.0272854              1
23              3     0.00717408       0.019133              1
23              4        3.16245       0.045279              1
23              5        3.18799     0.00096949              1
23              6      0.0353988      0.0344408              1
23              7      0.0364062      0.0140699              1
23              8        3.14169        0.04786              1
23              9        3.15313      0.0223693              1
23             10      0.0207736       0.047292              1
23             11      0.0426784      0.0330876              1
23             12        3.16583      0.0413193              1
23             13        3.14601     0.00324192              1
23             14      0.0107857       0.032335              1
23             15      0.0406533      0.0156233              1
23             16        3.14741     0.00472381              1
23             17         3.1906       0.032879              1
23             18      0.0247971      0.0275637              1
23             19     0.00767268      0.0405374              1
23             20         3.1791      0.0353958              1
23             21        3.17037     0.00747856              1
23             22      0.0395057     0.00630134              1
23             23      0.0245597      0.0323375              1
