#x              y     Theta(x,y)       Phi(x,y)Moment_Size(x,y)
0              0     0.00669383     0.00682035              1
0              1        3.18521     0.00810341              1
0              2        3.16528      0.0483365              1
0              3       0.044142       0.032911              1
0              4      0.0282333      0.0106619              1
0              5        3.17439      0.0494905              1
0              6        3.18531      0.0409622              1
0              7      0.0301752       0.044687              1
0              8      0.0251435    0.000737732              1
0              9        3.16907      0.0439952              1
0             10        3.14378      0.0144165              1
0             11      0.0381425      0.0342603              1
0             12      0.0277044      0.0273544              1
0             13        3.14169     0.00451663              1
0             14        3.14456      0.0378547              1
0             15      0.0384179     0.00877514              1
0             16      0.0308488     0.00658081              1
0             17        3.16188      0.0435713              1
0             18        3.16845      0.0134152              1
0             19     0.00285613      0.0136052              1
0             20      0.0423381     0.00455882              1
0             21        3.16805      0.0344956              1
0             22        3.16508      0.0121112              1
0             23      0.0480108      0.0463847              1
1              0      0.0225607     0.00105121              1
1              1      0.0397854      0.0247156              1
1              2         3.1862      0.0340883              1
1              3        3.17774      0.0184853              1
1              4     0.00240433      0.0355331              1
1              5      0.0186376      0.0383439              1
1              6        3.14808      0.0428476              1
1              7         3.1515      0.0496065              1
1              8       0.036231      0.0372669              1
1              9      0.0177577      0.0267296              1
1             10        3.14268      0.0284052              1
1             11        3.16435      0.0104877              1
1             12      0.0109135     0.00911234              1
1             13      0.0234038      0.0470429              1
1             14        3.17439      0.0162196              1
1             15         3.1535      0.0362712              1
1             16     0.00637657      0.0290007              1
1             17     0.00519393      0.0211508              1
1             18        3.17891      0.0292588              1
1             19        3.17818      0.0114847              1
1             20      0.0476662      0.0190925              1
1             21      0.0354832      0.0475002              1
1             22        3.17637     0.00912225              1
1             23        3.15453     0.00361897              1
2              0        3.15914      0.0455679              1
2              1      0.0275393      0.0364419              1
2              2      0.0319583      0.0439809              1
2              3        3.14398      0.0256605              1
2              4        3.17316      0.0240775              1
2              5     0.00731791      0.0285608              1
2              6      0.0049036      0.0342132              1
2              7           3.18       0.049519              1
2              8         3.1622      0.0274129              1
2              9      0.0307031      0.0479816              1
2             10      0.0264851      0.0368754              1
2             11        3.16636      0.0104876              1
2             12        3.14266      0.0292228              1
2             13      0.0330701      0.0184639              1
2             14      0.0178738      0.0123806              1
2             15        3.14634       0.041456              1
2             16        3.15638     0.00830576              1
2             17      0.0419513     0.00350957              1
2             18      0.0310236      0.0417743              1
2             19        3.18899      0.0489366              1
2             20        3.15496        0.03433              1
2             21      0.0434199     0.00599659              1
2             22      0.0216055      0.0278585              1
2             23         3.1648      0.0498402              1
3              0        3.16513     0.00372125              1
3              1        3.14229      0.0224901              1
3              2      0.0382539     0.00215932              1
3              3      0.0307092      0.0183014              1
3              4         3.1723     0.00295473              1
3              5        3.15326      0.0143408              1
3              6      0.0125933      0.0336359              1
3              7      0.0364106       0.023578              1
3              8        3.18329      0.0164448              1
3              9        3.16301      0.0279191              1
3             10      0.0212491     0.00385167              1
3             11      0.0273228      0.0211941              1
3             12        3.16765      0.0205477              1
3             13        3.14498      0.0296424              1
3             14     0.00261249       0.012009              1
3             15      0.0060035     0.00555931              1
3             16        3.15485       0.030133              1
3             17         3.1515      0.0455526              1
3             18     0.00663433      0.0332699              1
3             19      0.0291836      0.0335689              1
3             20        3.18706      0.0257474              1
3             21        3.14346     0.00483383              1
3             22     0.00744436       0.015904              1
3             23     0.00772363      0.0319324              1
4              0      0.0284924      0.0317616              1
4              1        3.15076      0.0028361              1
4              2        3.18493      0.0134181              1
4              3      0.0197362      0.0347174              1
4              4      0.0204967      0.0376051              1
4              5        3.17655      0.0402375              1
4              6        3.14722      0.0350721              1
4              7      0.0218077      0.0203793              1
4              8      0.0328225      0.0496284              1
4              9        3.16807      0.0133591              1
4             10        3.18755      0.0199378              1
4             11      0.0471026      0.0267074              1
4             12      0.0180069      0.0163931              1
4             13        3.14198      0.0206851              1
4             14         3.1859      0.0265103              1
4             15       0.034265      0.0280611              1
4             16      0.0241942      0.0362036              1
4             17        3.15254       0.047729              1
4             18        3.14545       0.026696              1
4             19      0.0157042      0.0339222              1
4             20      0.0214881      0.0119655              1
4             21        3.16427      0.0359437              1
4             22        3.18739      0.0210851              1
4             23     0.00873124      0.0180168              1
5              0     0.00447266      0.0278089              1
5              1     0.00959515     0.00061257              1
5              2         3.1893     0.00350926              1
5              3        3.15058      0.0232383              1
5              4      0.0052598      0.0352621              1
5              5      0.0362736      0.0201483              1
5              6        3.14224      0.0050559              1
5              7        3.18916      0.0443034              1
5              8      0.0199045      0.0281309              1
5              9      0.0366392    0.000713762              1
5             10        3.16553      0.0446326              1
5             11        3.14884     0.00697671              1
5             12      0.0332278      0.0229495              1
5             13      0.0449766     0.00892411              1
5             14         3.1746      0.0125009              1
5             15        3.19085      0.0247176              1
5             16    0.000322184      0.0259298              1
5             17      0.0453476      0.0343173              1
5             18        3.15278      0.0163787              1
5             19        3.16309     0.00986595              1
5             20      0.0153117      0.0384286              1
5             21      0.0189236      0.0154012              1
5             22        3.19053      0.0119361              1
5             23        3.18952      0.0418286              1
6              0        3.18108      0.0110817              1
6              1     0.00422883    3.03978e-05              1
6              2      0.0143829      0.0205121              1
6              3        3.17127      0.0229711              1
6              4        3.14582     0.00318006              1
6              5       0.010134     0.00702884              1
6              6       0.046244      0.0239748              1
6              7        3.15937      0.0379157              1
6              8        3.15132     0.00858638              1
6              9      0.0395385       0.042122              1
6             10       0.022857      0.0217752              1
6             11        3.14898      0.0297019              1
6             12         3.1679     0.00875597              1
6             13      0.0164649       0.048514              1
6             14     0.00582671       0.021633              1
6             15         3.1772       0.036666              1
6             16        3.15864      0.0442442              1
6             17     0.00625927      0.0280989              1
6             18      0.0303951      0.0102866              1
6             19         3.1422      0.0499817              1
6             20        3.16391      0.0230112              1
6             21     0.00722767      0.0111495              1
6             22     0.00870063      0.0354451              1
6             23        3.17803     0.00627962              1
7              0        3.16253      0.0124889              1
7              1         3.1483       0.011552              1
7              2       0.035897      0.0324173              1
7              3     0.00117215       0.024114              1
7              4        3.15087      0.0418168              1
7              5        3.16257     0.00925827              1
7              6      0.0100426      0.0184518              1
7              7       0.037252      0.0249976              1
7              8        3.16566      0.0106382              1
7              9        3.14726       0.030697              1
7             10      0.0114869      0.0257721              1
7             11      0.0279187      0.0300498              1
7             12        3.15237      0.0452829              1
7             13        3.16118     0.00271103              1
7             14      0.0385591      0.0156713              1
7             15      0.0451295       0.026492              1
7             16        3.18729      0.0474016              1
7             17         3.1843      0.0278383              1
7             18     0.00986348      0.0295765              1
7             19      0.0323567      0.0314159              1
7             20        3.17862       0.031571              1
7             21        3.15112      0.0180122              1
7             22      0.0270201      0.0286913              1
7             23      0.0098837     0.00818741              1
8              0      0.0145932      0.0401618              1
8              1        3.18716      0.0288215              1
8              2        3.17114     0.00471245              1
8              3      0.0216069      0.0148473              1
8              4      0.0295293      0.0445609              1
8              5        3.16489      0.0170134              1
8              6        3.18738      0.0392302              1
8              7       0.023808     0.00272983              1
8              8    0.000637635      0.0185417              1
8              9        3.18234      0.0118312              1
8             10        3.17032     0.00412507              1
8             11      0.0335342       0.010458              1
8             12      0.0476357      0.0385569              1
8             13        3.14684      0.0250711              1
8             14        3.18981       0.018128              1
8             15      0.0499219      0.0459979              1
8             16      0.0123751      0.0265399              1
8             17        3.18314      0.0490209              1
8             18        3.15819      0.0474562              1
8             19      0.0111375       0.043872              1
8             20      0.0126803      0.0141174              1
8             21        3.15462      0.0344749              1
8             22        3.16424      0.0451307              1
8             23      0.0234097      0.0279843              1
9              0      0.0237297       0.013497              1
9              1      0.0461935     0.00121973              1
9              2        3.14665       0.011609              1
9              3        3.14627      0.0163961              1
9              4      0.0475684     0.00101586              1
9              5      0.0352262    0.000834302              1
9              6        3.15377        0.03558              1
9              7        3.18615      0.0391536              1
9              8      0.0338896       0.048222              1
9              9      0.0477511     0.00473233              1
9             10        3.15876      0.0148334              1
9             11        3.17315      0.0459083              1
9             12      0.0244183      0.0280153              1
9             13      0.0239334      0.0057041              1
9             14        3.14917      0.0498199              1
9             15        3.18039      0.0329901              1
9             16     0.00469416       0.049701              1
9             17      0.0451841      0.0372561              1
9             18        3.18337      0.0324635              1
9             19        3.17721      0.0366894              1
9             20      0.0194866       0.022179              1
9             21      0.0308669      0.0315014              1
9             22        3.18601      0.0289376              1
9             23         3.1811      0.0282881              1
10              0        3.15589      0.0374495              1
10              1      0.0382459      0.0374605              1
10              2      0.0350416      0.0176781              1
10              3        3.14812      0.0181313              1
10              4        3.17194      0.0250254              1
10              5      0.0232668      0.0216098              1
10              6     0.00296225      0.0246032              1
10              7         3.1681      0.0262512              1
10              8        3.16529      0.0448073              1
10              9     0.00667867      0.0164896              1
10             10      0.0395055      0.0404868              1
10             11        3.16724      0.0482632              1
10             12        3.14735     0.00632454              1
10             13       0.030978       0.027855              1
10             14      0.0106774      0.0378846              1
10             15        3.15073      0.0371204              1
10             16        3.17696      0.0172811              1
10             17     0.00924664      0.0230693              1
10             18      0.0415837      0.0267617              1
10             19        3.16174      0.0432048              1
10             20        3.18987      0.0243786              1
10             21      0.0456331      0.0217513              1
10             22      0.0133905      0.0296347              1
10             23        3.17991      0.0452605              1
11              0         3.1645      0.0153093              1
11              1        3.17977      0.0493448              1
11              2      0.0248459      0.0332575              1
11              3      0.0413417       0.026443              1
11              4        3.16276      0.0369804              1
11              5        3.18457      0.0302956              1
11              6      0.0334446      0.0191139              1
11              7      0.0198227      0.0172089              1
11              8        3.16327      0.0322333              1
11              9        3.14684      0.0379345              1
11             10      0.0312309      0.0333693              1
11             11      0.0320634         0.0161              1
11             12        3.17942      0.0356418              1
11             13        3.15267       0.035023              1
11             14       0.044783       0.010631              1
11             15     0.00302857     0.00667172              1
11             16        3.14198       0.022943              1
11             17        3.17427     0.00950814              1
11             18      0.0228768      0.0144524              1
11             19      0.0352192       0.048936              1
11             20        3.16813      0.0408975              1
11             21        3.18306      0.0414687              1
11             22     0.00922353      0.0210088              1
11             23       0.045303     0.00131734              1
12              0       0.016088      0.0056587              1
12              1        3.16982      0.0242779              1
12              2        3.17481      0.0153989              1
12              3     0.00161061      0.0470673              1
12              4      0.0121094       0.025743              1
12              5        3.15818      0.0329113              1
12              6        3.15385      0.0359957              1
12              7     0.00666317      0.0357411              1
12              8      0.0299153       0.017334              1
12              9        3.17588      0.0198048              1
12             10        3.15364      0.0410487              1
12             11     0.00162484      0.0492304              1
12             12      0.0302701      0.0263009              1
12             13        3.17912     0.00200661              1
12             14        3.16035      0.0113316              1
12             15      0.0227478      0.0156754              1
12             16      0.0344264      0.0288086              1
12             17         3.1456     0.00468319              1
12             18        3.18943      0.0067638              1
12             19      0.0239399      0.0394841              1
12             20     0.00966346     0.00734209              1
12             21        3.18477     0.00851243              1
12             22        3.18628      0.0216569              1
12             23       0.023856      0.0376943              1
13              0     0.00596766     0.00345595              1
13              1      0.0123026      0.0480716              1
13              2        3.15282      0.0401941              1
13              3        3.15211       0.016145              1
13              4      0.0253447       0.023274              1
13              5     0.00306508      0.0287851              1
13              6        3.15257      0.0348481              1
13              7        3.16304       0.047038              1
13              8      0.0158049      0.0043848              1
13              9     0.00531606      0.0494637              1
13             10        3.18951      0.0198995              1
13             11        3.17215      0.0123189              1
13             12       0.026273      0.0468111              1
13             13      0.0185691      0.0187199              1
13             14        3.16594      0.0428531              1
13             15        3.18225      0.0235104              1
13             16      0.0240961      0.0426864              1
13             17      0.0123321      0.0263946              1
13             18        3.16683       0.014027              1
13             19        3.17644      0.0172922              1
13             20      0.0101817       0.014207              1
13             21       0.021892      0.0192186              1
13             22        3.17525      0.0234582              1
13             23        3.16693      0.0390887              1
14              0        3.17633      0.0323898              1
14              1      0.0330476      0.0270604              1
14              2      0.0370061     0.00758921              1
14              3        3.16802      0.0462975              1
14              4        3.16407     0.00714774              1
14              5       0.040352       0.045753              1
14              6       0.025059      0.0100076              1
14              7        3.15469      0.0250479              1
14              8        3.15843      0.0268112              1
14              9      0.0112092       0.034857              1
14             10      0.0107172      0.0249638              1
14             11         3.1621      0.0241101              1
14             12        3.17465     0.00229817              1
14             13      0.0443682     0.00472336              1
14             14      0.0382237      0.0259102              1
14             15         3.1733       0.047785              1
14             16        3.14933      0.0368163              1
14             17     0.00765473      0.0260912              1
14             18      0.0301624      0.0250113              1
14             19        3.17417      0.0417514              1
14             20        3.16531      0.0287295              1
14             21      0.0233114       0.037572              1
14             22      0.0488703      0.0381975              1
14             23        3.17323    0.000245876              1
15              0         3.1811      0.0196262              1
15              1        3.17145      0.0286039              1
15              2      0.0393331      0.0249548              1
15              3      0.0289256      0.0257964              1
15              4        3.17079      0.0330665              1
15              5        3.18888      0.0372946              1
15              6        0.03913      0.0466168              1
15              7      0.0494659      0.0308836              1
15              8        3.16492      0.0387143              1
15              9        3.16557      0.0115339              1
15             10      0.0314777      0.0246673              1
15             11      0.0427702     0.00389857              1
15             12        3.14609       0.033073              1
15             13        3.17415      0.0490538              1
15             14      0.0459579     0.00948995              1
15             15       0.016827      0.0274388              1
15             16         3.1668      0.0188336              1
15             17        3.18833      0.0458942              1
15             18      0.0300612      0.0294599              1
15             19       0.037458     0.00706035              1
15             20        3.15572     0.00638231              1
15             21        3.16226      0.0482653              1
15             22      0.0335113       0.022177              1
15             23      0.0176199       0.034875              1
16              0      0.0264969      0.0199185              1
16              1          3.176      0.0360378              1
16              2        3.15481       0.025211              1
16              3      0.0187323      0.0136034              1
16              4      0.0214071      0.0238506              1
16              5         3.1454      0.0203943              1
16              6        3.15861      0.0423813              1
16              7      0.0127721      0.0489728              1
16              8       0.038704      0.0483451              1
16              9        3.16513      0.0255962              1
16             10        3.16839     0.00175992              1
16             11      0.0126205      0.0301566              1
16             12      0.0405827      0.0381202              1
16             13        3.18869       0.044452              1
16             14        3.18971      0.0102934              1
16             15      0.0207391      0.0482675              1
16             16     0.00237418      0.0234824              1
16             17        3.16992       0.017415              1
16             18        3.14881      0.0304621              1
16             19    0.000857786      0.0192534              1
16             20      0.0247466      0.0346339              1
16             21        3.18312      0.0414922              1
16             22        3.19132      0.0246599              1
16             23     0.00534259     0.00526735              1
17              0     0.00951786      0.0298495              1
17              1      0.0229778      0.0318016              1
17              2        3.16625      0.0185778              1
17              3        3.16377      0.0315957              1
17              4      0.0265911      0.0130417              1
17              5      0.0403181       0.018086              1
17              6        3.19082      0.0185445              1
17              7        3.16191      0.0345454              1
17              8     0.00807376      0.0368835              1
17              9      0.0494898      0.0313183              1
17             10        3.17301      0.0327764              1
17             11        3.17739      0.0148727              1
17             12      0.0279422     0.00658467              1
17             13      0.0242468      0.0292453              1
17             14        3.14918      0.0433051              1
17             15        3.16304     0.00794409              1
17             16      0.0203015      0.0132316              1
17             17      0.0190081      0.0418205              1
17             18        3.14763      0.0110501              1
17             19         3.1773      0.0406261              1
17             20      0.0214638      0.0159716              1
17             21      0.0139081      0.0215786              1
17             22        3.14318      0.0430827              1
17             23         3.1749      0.0314694              1
18              0        3.18601      0.0185303              1
18              1      0.0387339      0.0448452              1
18              2      0.0256955      0.0113465              1
18              3        3.16585      0.0454013              1
18              4        3.18686       0.012999              1
18              5      0.0158328      0.0319551              1
18              6      0.0321673     0.00454449              1
18              7        3.16864      0.0382549              1
18              8         3.1649      0.0166861              1
18              9      0.0384009     0.00783471              1
18             10     0.00274608      0.0156513              1
18             11        3.16326      0.0337101              1
18             12        3.18985      0.0301218              1
18             13       0.039023      0.0272573              1
18             14      0.0419268      0.0307605              1
18             15        3.16959      0.0214097              1
18             16        3.15692      0.0193025              1
18             17       0.024935      0.0495658              1
18             18      0.0382772      0.0499234              1
18             19        3.17435      0.0307484              1
18             20        3.18086      0.0132238              1
18             21     0.00807568       0.040728              1
18             22      0.0118778      0.0179383              1
18             23        3.16718      0.0466081              1
19              0        3.14351      0.0141632              1
19              1        3.17525      0.0180614              1
19              2      0.0141353      0.0205085              1
19              3        0.03193      0.0290341              1
19              4        3.17582      0.0316817              1
19              5        3.17336      0.0352278              1
19              6      0.0374063     0.00769111              1
19              7     0.00783426       0.035153              1
19              8         3.1707      0.0233448              1
19              9        3.18183     0.00965505              1
19             10      0.0259571      0.0147929              1
19             11      0.0322302      0.0335389              1
19             12        3.16677      0.0108026              1
19             13        3.17352      0.0444597              1
19             14      0.0316836      0.0412624              1
19             15      0.0496243      0.0410911              1
19             16        3.16776      0.0287259              1
19             17        3.19066       0.022747              1
19             18      0.0226619      0.0161005              1
19             19      0.0303562      0.0132307              1
19             20        3.16259      0.0170247              1
19             21        3.15679      0.0436587              1
19             22      0.0327917      0.0266137              1
19             23      0.0411543      0.0248072              1
20              0      0.0442652      0.0130887              1
20              1        3.14216     0.00715111              1
20              2        3.14784       0.040509              1
20              3      0.0245009       0.010452              1
20              4      0.0457723      0.0477559              1
20              5        3.19109      0.0225417              1
20              6        3.16555      0.0309109              1
20              7      0.0348598      0.0248179              1
20              8      0.0448109     0.00456373              1
20              9        3.15328      0.0145058              1
20             10        3.18114      0.0268894              1
20             11      0.0472659      0.0347561              1
20             12      0.0338727      0.0472888              1
20             13        3.14554      0.0496622              1
20             14        3.15384      0.0433686              1
20             15       0.047166      0.0111996              1
20             16      0.0429725      0.0390862              1
20             17        3.15516      0.0147204              1
20             18        3.18172       0.016155              1
20             19      0.0107297     0.00783842              1
20             20      0.0316605      0.0358424              1
20             21        3.17221     0.00441433              1
20             22        3.14212      0.0480656              1
20             23      0.0494943     0.00368492              1
21              0      0.0260243    0.000976065              1
21              1      0.0247203      0.0364348              1
21              2         3.1844      0.0435496              1
21              3        3.15211      0.0243273              1
21              4      0.0392668      0.0351342              1
21              5      0.0241544      0.0447159              1
21              6        3.19117      0.0402406              1
21              7        3.15513      0.0254715              1
21              8      0.0161126       0.027754              1
21              9      0.0332721      0.0430251              1
21             10        3.15658      0.0293985              1
21             11        3.15349      0.0487816              1
21             12     0.00717778      0.0483687              1
21             13      0.0138131     0.00496917              1
21             14        3.15919       0.028283              1
21             15        3.17933      0.0432934              1
21             16      0.0318209      0.0295387              1
21             17       0.010249      0.0364513              1
21             18        3.15423      0.0385294              1
21             19        3.16393      0.0110083              1
21             20      0.0419227      0.0436441              1
21             21      0.0166906      0.0240573              1
21             22        3.15855      0.0496814              1
21             23        3.16457      0.0267266              1
22              0        3.16693       0.049946              1
22              1      0.0390318      0.0135425              1
22              2     0.00277745      0.0235802              1
22              3        3.18531      0.0456501              1
22              4        3.16057       0.023947              1
22              5       0.048883      0.0199735              1
22              6      0.0332374      0.0452658              1
22              7        3.14933      0.0185771              1
22              8        3.18083      0.0349371              1
22              9      0.0302167      0.0419186              1
22             10    0.000843526      0.0244638              1
22             11        3.17199      0.0496941              1
22             12        3.15292      0.0187333              1
22             13      0.0401209     0.00262021              1
22             14      0.0452737      0.0492171              1
22             15        3.17112      0.0428955              1
22             16        3.17444      0.0401836              1
22             17      0.0263482      0.0218355              1
22             18     0.00683526      0.0299072              1
22             19        3.15394      0.0390876              1
22             20         3.1576      0.0478872              1
22             21      0.0146298      0.0225497              1
22             22     0.00983421      0.0254667              1
22             23        3.16051      0.0316369              1
23              0        3.17203      0.0465169              1
23              1        3.14863      0.0386607              1
23              2      0.0355634        0.00113              1
23              3      0.0136095      0.0226227              1
23              4        3.16067      0.0315174              1
23              5        3.15239      0.0409407              1
23              6      0.0438508      0.0215476              1
23              7       0.013608     0.00414729              1
23              8        3.17621      0.0356678              1
23              9        3.16445      0.0423628              1
23             10      0.0264699      0.0108101              1
23             11      0.0252253      0.0310762              1
23             12        3.14876      0.0492148              1
23             13        3.18824      0.0206876              1
23             14      0.0256032      0.0256662              1
23             15     0.00387131      0.0271406              1
23             16        3.14628      0.0436643              1
23             17        3.14438       0.023198              1
23             18      0.0377843      0.0290013              1
23             19        0.03401      0.0458934              1
23             20        3.17719      0.0325337              1
23             21        3.14991      0.0357432              1
23             22      0.0317317      0.0391131              1
23             23      0.0143756      0.0434521              1
