#x              y     Theta(x,y)       Phi(x,y)Moment_Size(x,y)
0              0       0.025926      0.0249804              1
0              1         3.1757      0.0126134              1
0              2         3.1678     0.00774565              1
0              3      0.0445253      0.0212084              1
0              4      0.0401166     0.00999688              1
0              5        3.18145      0.0175935              1
0              6        3.15922      0.0448087              1
0              7      0.0075565      0.0485812              1
0              8      0.0243084      0.0452878              1
0              9        3.16537      0.0317578              1
0             10        3.18939      0.0381014              1
0             11      0.0463315      0.0301421              1
0             12      0.0236492      0.0286969              1
0             13         3.1813      0.0401492              1
0             14        3.18133      0.0219402              1
0             15      0.0170161      0.0328087              1
0             16      0.0151563      0.0152488              1
0             17        3.17469      0.0357718              1
0             18        3.18616      0.0306899              1
0             19      0.0203176      0.0393871              1
0             20     0.00372214     0.00161707              1
0             21        3.17664      0.0431944              1
0             22        3.17809      0.0452159              1
0             23      0.0301331      0.0191771              1
1              0      0.0437235      0.0413939              1
1              1     0.00421351      0.0262898              1
1              2        3.14804       0.021365              1
1              3        3.16167      0.0228211              1
1              4       0.037855      0.0297063              1
1              5      0.0285321      0.0357001              1
1              6        3.15035      0.0319641              1
1              7        3.14412     0.00609776              1
1              8      0.0392484       0.035857              1
1              9      0.0303847     0.00231385              1
1             10        3.16794      0.0169961              1
1             11        3.16022      0.0465692              1
1             12      0.0398284    0.000643621              1
1             13     0.00360062      0.0224677              1
1             14        3.14482     0.00857104              1
1             15        3.16782      0.0135673              1
1             16     0.00238138      0.0191767              1
1             17      0.0262839      0.0456088              1
1             18        3.17625      0.0306213              1
1             19        3.19007      0.0205979              1
1             20     0.00331782      0.0235623              1
1             21      0.0160192    0.000871207              1
1             22         3.1478     0.00440589              1
1             23        3.14334       0.035413              1
2              0        3.15339    0.000887505              1
2              1     0.00984996      0.0422173              1
2              2      0.0372413     0.00815931              1
2              3        3.19039      0.0215104              1
2              4         3.1658      0.0174106              1
2              5      0.0168545      0.0111532              1
2              6      0.0265919      0.0385232              1
2              7        3.18945      0.0167531              1
2              8        3.15689      0.0101558              1
2              9         0.0303      0.0284653              1
2             10      0.0152463     0.00177988              1
2             11        3.14927      0.0270491              1
2             12        3.18647      0.0210267              1
2             13     0.00816312      0.0240943              1
2             14     0.00142876      0.0255164              1
2             15        3.16631     0.00352156              1
2             16        3.15888      0.0456129              1
2             17      0.0428311      0.0171018              1
2             18      0.0447464      0.0146225              1
2             19        3.17861      0.0253929              1
2             20        3.14983     0.00975711              1
2             21      0.0325882      0.0259808              1
2             22     0.00677423      0.0083661              1
2             23        3.19111      0.0184681              1
3              0        3.18661     0.00734853              1
3              1        3.18269    5.91156e-05              1
3              2       0.035411      0.0470039              1
3              3      0.0186802     0.00799122              1
3              4        3.18379      0.0380378              1
3              5        3.14624      0.0342497              1
3              6      0.0122449     0.00410899              1
3              7      0.0497578      0.0277482              1
3              8        3.14672     0.00311683              1
3              9        3.14279      0.0495988              1
3             10      0.0413893       0.044411              1
3             11      0.0321636      0.0133489              1
3             12        3.18435      0.0223433              1
3             13        3.15474      0.0135906              1
3             14     0.00599592     0.00719274              1
3             15      0.0268092      0.0410995              1
3             16        3.15339       0.046476              1
3             17        3.16211       0.032423              1
3             18     0.00706007        0.03092              1
3             19      0.0295325      0.0194769              1
3             20        3.18529      0.0479392              1
3             21        3.16152      0.0179352              1
3             22      0.0469821       0.030726              1
3             23     0.00980287     0.00201623              1
4              0       0.044032     0.00110167              1
4              1        3.15162      0.0375953              1
4              2        3.14694      0.0485353              1
4              3      0.0204206      0.0290938              1
4              4      0.0308778      0.0478105              1
4              5        3.17279      0.0155896              1
4              6        3.16041      0.0205781              1
4              7      0.0374157     0.00477553              1
4              8      0.0467068      0.0462394              1
4              9        3.19154    0.000204064              1
4             10        3.16196      0.0197273              1
4             11      0.0498653      0.0498775              1
4             12      0.0478689     0.00396024              1
4             13        3.16423      0.0121903              1
4             14        3.16938      0.0167875              1
4             15     0.00954756      0.0287071              1
4             16      0.0238322      0.0166526              1
4             17         3.1796       0.011464              1
4             18        3.16269       0.045093              1
4             19      0.0310029      0.0288635              1
4             20      0.0255944      0.0494208              1
4             21        3.16522      0.0335258              1
4             22        3.14555      0.0301647              1
4             23      0.0256744      0.0042161              1
5              0      0.0151001      0.0262935              1
5              1      0.0396826      0.0493507              1
5              2         3.1607      0.0339478              1
5              3        3.17944      0.0139064              1
5              4      0.0466563      0.0430182              1
5              5      0.0200354      0.0324263              1
5              6        3.15138      0.0493325              1
5              7        3.17024      0.0232675              1
5              8      0.0387277      0.0112659              1
5              9      0.0243154      0.0401018              1
5             10        3.17573      0.0252943              1
5             11        3.15333       0.029425              1
5             12      0.0213704      0.0352549              1
5             13      0.0186892     0.00428255              1
5             14        3.15727      0.0381978              1
5             15         3.1534      0.0252412              1
5             16      0.0342335      0.0200023              1
5             17      0.0268564       0.032641              1
5             18        3.18453      0.0150118              1
5             19        3.16743        0.03793              1
5             20      0.0261514     0.00672939              1
5             21      0.0202079      0.0495996              1
5             22        3.16891      0.0409353              1
5             23        3.18402      0.0126462              1
6              0        3.15917      0.0107132              1
6              1      0.0251777      0.0240039              1
6              2      0.0235106      0.0290522              1
6              3        3.17747       0.014618              1
6              4        3.17589       0.013716              1
6              5      0.0235972      0.0380623              1
6              6     0.00744491      0.0333788              1
6              7        3.16689      0.0326396              1
6              8         3.1532      0.0102637              1
6              9     0.00496188      0.0441847              1
6             10    9.20848e-05      0.0358271              1
6             11        3.14325     0.00207688              1
6             12        3.15747      0.0463109              1
6             13      0.0161707      0.0276395              1
6             14      0.0382271      0.0132467              1
6             15         3.1553      0.0282333              1
6             16        3.16957       0.042988              1
6             17      0.0441263      0.0426186              1
6             18      0.0105923       0.042434              1
6             19        3.16077      0.0344799              1
6             20        3.15943      0.0329671              1
6             21      0.0495872     0.00728615              1
6             22      0.0159697      0.0311091              1
6             23         3.1768      0.0334313              1
7              0        3.15936      0.0160045              1
7              1         3.1735      0.0045818              1
7              2      0.0219174       0.022108              1
7              3      0.0291321       0.026043              1
7              4        3.14513      0.0103433              1
7              5        3.15376      0.0366279              1
7              6      0.0199966     0.00420127              1
7              7      0.0276341      0.0172857              1
7              8        3.14324     0.00885024              1
7              9        3.15665      0.0484162              1
7             10      0.0105316      0.0359266              1
7             11      0.0481938      0.0343486              1
7             12        3.17389      0.0331877              1
7             13        3.15932     0.00273352              1
7             14       0.031654     0.00704204              1
7             15      0.0472553       0.043119              1
7             16        3.16703      0.0487393              1
7             17        3.18364      0.0147339              1
7             18      0.0449691      0.0124836              1
7             19    0.000835022       0.030129              1
7             20        3.15228      0.0308664              1
7             21        3.17021      0.0138257              1
7             22      0.0309269       0.046774              1
7             23      0.0125289     0.00659927              1
8              0      0.0300184      0.0453168              1
8              1        3.17113     0.00782612              1
8              2        3.17044      0.0131721              1
8              3      0.0416573      0.0105074              1
8              4      0.0215647       0.015031              1
8              5        3.18665      0.0382091              1
8              6        3.14559      0.0436059              1
8              7      0.0180883     0.00698606              1
8              8      0.0133065      0.0246952              1
8              9        3.18243      0.0380913              1
8             10        3.14712      0.0454296              1
8             11      0.0462388       0.031427              1
8             12      0.0323084      0.0486843              1
8             13        3.14753      0.0445868              1
8             14        3.14199      0.0421676              1
8             15     0.00939216      0.0197776              1
8             16     0.00353358      0.0131187              1
8             17        3.16938       0.010112              1
8             18        3.18219      0.0133788              1
8             19      0.0462736      0.0123537              1
8             20       0.034078      0.0241174              1
8             21        3.15383      0.0488556              1
8             22        3.15782     0.00234145              1
8             23      0.0374357       0.020764              1
9              0      0.0234575      0.0221743              1
9              1     0.00657329     0.00861255              1
9              2        3.16273     0.00532614              1
9              3        3.17825      0.0148128              1
9              4      0.0299964      0.0427498              1
9              5      0.0231069       0.023549              1
9              6          3.152     0.00789214              1
9              7        3.17728     0.00434888              1
9              8      0.0330009      0.0335908              1
9              9      0.0347084      0.0177169              1
9             10         3.1907      0.0351713              1
9             11        3.17741       0.031982              1
9             12      0.0041238      0.0448692              1
9             13      0.0146526      0.0448986              1
9             14        3.16972      0.0118421              1
9             15        3.16497      0.0225187              1
9             16       0.034319      0.0448138              1
9             17      0.0240225       0.014033              1
9             18        3.16832      0.0135263              1
9             19        3.14229      0.0158729              1
9             20     0.00419928      0.0413514              1
9             21     0.00799146     0.00625123              1
9             22        3.15756      0.0344772              1
9             23        3.14223      0.0259277              1
10              0        3.16146      0.0279787              1
10              1      0.0423928     0.00243311              1
10              2      0.0192933      0.0276561              1
10              3        3.16571      0.0184873              1
10              4        3.14663      0.0374689              1
10              5      0.0376617       0.033282              1
10              6      0.0174004       0.022751              1
10              7        3.17004      0.0103505              1
10              8        3.18444      0.0269224              1
10              9      0.0355693     0.00863683              1
10             10     0.00126758     0.00655905              1
10             11        3.14246      0.0411575              1
10             12        3.16788     0.00537561              1
10             13      0.0338811      0.0275899              1
10             14      0.0149977      0.0224502              1
10             15        3.18892    0.000460773              1
10             16        3.19065     0.00892952              1
10             17      0.0478611       0.029002              1
10             18      0.0169095     0.00506159              1
10             19        3.15628      0.0377147              1
10             20        3.18522      0.0324526              1
10             21     0.00071205      0.0221919              1
10             22       0.005846      0.0384141              1
10             23        3.17178      0.0208557              1
11              0        3.16785     0.00906413              1
11              1        3.14427       0.038985              1
11              2      0.0152997     0.00859669              1
11              3      0.0384154     0.00582875              1
11              4        3.15984     0.00936446              1
11              5        3.15597      0.0422138              1
11              6     0.00273122      0.0296562              1
11              7      0.0302637      0.0436455              1
11              8        3.18856       0.025453              1
11              9        3.16807      0.0205411              1
11             10      0.0156382    0.000256258              1
11             11      0.0305166      0.0362837              1
11             12        3.16042      0.0271781              1
11             13        3.18115      0.0391037              1
11             14      0.0161949      0.0228928              1
11             15      0.0381118     0.00402546              1
11             16        3.16183      0.0302069              1
11             17        3.15303      0.0214339              1
11             18      0.0197966      0.0284155              1
11             19      0.0250802    6.56052e-05              1
11             20        3.18497       0.040879              1
11             21        3.16427      0.0439229              1
11             22     0.00709036     0.00700078              1
11             23      0.0306826      0.0166951              1
12              0     0.00732938      0.0252191              1
12              1        3.15887      0.0383573              1
12              2        3.19026      0.0120982              1
12              3     0.00118637      0.0411261              1
12              4      0.0442778      0.0164278              1
12              5        3.15085      0.0449129              1
12              6        3.18337      0.0139871              1
12              7      0.0172272      0.0200732              1
12              8       0.028855       0.017508              1
12              9        3.16512       0.012114              1
12             10        3.18059      0.0243133              1
12             11      0.0296163     0.00391831              1
12             12     0.00917626      0.0256653              1
12             13        3.17507      0.0485947              1
12             14        3.18084      0.0245581              1
12             15     0.00345996        0.03636              1
12             16     0.00037441     0.00973853              1
12             17        3.17681      0.0430248              1
12             18        3.16489       0.035582              1
12             19     0.00182858      0.0289846              1
12             20       0.034936     0.00987512              1
12             21        3.14748     0.00763606              1
12             22        3.18557      0.0145821              1
12             23      0.0366204      0.0181716              1
13              0     0.00207859      0.0081154              1
13              1      0.0282321      0.0135391              1
13              2        3.14825      0.0307208              1
13              3        3.14301      0.0114367              1
13              4      0.0422727      0.0251612              1
13              5      0.0482914      0.0209913              1
13              6         3.1742      0.0243057              1
13              7        3.17953     0.00899481              1
13              8     0.00220788      0.0430526              1
13              9      0.0453327     0.00658703              1
13             10        3.14246      0.0275777              1
13             11        3.15395    0.000940684              1
13             12     0.00365199     0.00144026              1
13             13     0.00829187      0.0177958              1
13             14        3.16301      0.0488331              1
13             15        3.18618      0.0187969              1
13             16      0.0345605      0.0313147              1
13             17      0.0461949      0.0301717              1
13             18        3.18497      0.0251086              1
13             19        3.15239       0.020045              1
13             20      0.0276003      0.0292732              1
13             21      0.0494408      0.0211286              1
13             22        3.18694      0.0394123              1
13             23        3.16759      0.0367421              1
14              0        3.15933      0.0293244              1
14              1      0.0398035     0.00060324              1
14              2      0.0059912      0.0268699              1
14              3         3.1662      0.0444633              1
14              4        3.16644      0.0350086              1
14              5       0.015889      0.0330894              1
14              6      0.0112305      0.0441977              1
14              7        3.17681      0.0161691              1
14              8        3.15869     0.00911849              1
14              9      0.0376995     0.00285454              1
14             10      0.0030558       0.023961              1
14             11        3.18216      0.0117756              1
14             12        3.18773      0.0400624              1
14             13      0.0394471      0.0182014              1
14             14      0.0146751      0.0280297              1
14             15        3.16132      0.0285962              1
14             16        3.15417      0.0341505              1
14             17      0.0402269      0.0383132              1
14             18      0.0281524      0.0290311              1
14             19        3.14385      0.0312434              1
14             20        3.17905     0.00341785              1
14             21      0.0153475      0.0286508              1
14             22      0.0248237      0.0174831              1
14             23        3.14593      0.0145575              1
15              0        3.16361      0.0203147              1
15              1        3.14431     0.00567253              1
15              2      0.0188857      0.0287568              1
15              3      0.0111389     0.00199933              1
15              4        3.14346      0.0262199              1
15              5        3.17995      0.0048351              1
15              6      0.0305103      0.0100671              1
15              7     0.00257172      0.0166716              1
15              8        3.15445      0.0123001              1
15              9        3.16999       0.045893              1
15             10      0.0236897      0.0484476              1
15             11     0.00501017      0.0213716              1
15             12        3.15494      0.0110536              1
15             13        3.14186     0.00139221              1
15             14      0.0133549      0.0222726              1
15             15      0.0342531      0.0376878              1
15             16        3.14777      0.0405653              1
15             17        3.16478      0.0157978              1
15             18      0.0353698      0.0205374              1
15             19      0.0246069      0.0370697              1
15             20        3.15114     0.00102599              1
15             21        3.14661      0.0144477              1
15             22      0.0466279     0.00537355              1
15             23      0.0215139      0.0146224              1
16              0     0.00656426      0.0390043              1
16              1        3.14771      0.0135531              1
16              2        3.18632      0.0205303              1
16              3      0.0417514      0.0182346              1
16              4      0.0114268      0.0422029              1
16              5        3.17917      0.0265705              1
16              6        3.15281      0.0438955              1
16              7      0.0433191      0.0300574              1
16              8      0.0435261      0.0418413              1
16              9        3.17207      0.0320893              1
16             10        3.15543     0.00295709              1
16             11      0.0282388      0.0185746              1
16             12     0.00645901      0.0183707              1
16             13        3.15897      0.0380043              1
16             14        3.14949      0.0142943              1
16             15      0.0132238       0.044647              1
16             16      0.0358528      0.0313115              1
16             17        3.17344      0.0190525              1
16             18        3.18618      0.0288656              1
16             19      0.0172097      0.0344155              1
16             20     0.00368015     0.00967602              1
16             21        3.15539      0.0131682              1
16             22        3.18791      0.0427366              1
16             23      0.0380409      0.0370273              1
17              0      0.0288821     0.00182507              1
17              1      0.0131277      0.0246156              1
17              2        3.16389      0.0263845              1
17              3        3.17053       0.036262              1
17              4      0.0402133      0.0033802              1
17              5      0.0484732       0.027577              1
17              6         3.1701      0.0136828              1
17              7        3.16719       0.047863              1
17              8      0.0248189      0.0377925              1
17              9       0.034662    0.000314508              1
17             10        3.17495      0.0205255              1
17             11        3.16385      0.0269877              1
17             12       0.038577        0.02262              1
17             13      0.0430903       0.045851              1
17             14        3.17633      0.0130671              1
17             15         3.1764     0.00931149              1
17             16      0.0371567      0.0420764              1
17             17      0.0380229      0.0327548              1
17             18        3.16651      0.0180178              1
17             19        3.15697      0.0109945              1
17             20      0.0254828      0.0346239              1
17             21      0.0244542      0.0275464              1
17             22        3.17189      0.0395747              1
17             23        3.16691      0.0086603              1
18              0        3.15809     0.00932155              1
18              1     0.00603076      0.0463441              1
18              2      0.0438362      0.0198029              1
18              3        3.17827     0.00187895              1
18              4        3.19003      0.0478988              1
18              5      0.0169175      0.0240392              1
18              6       0.034417      0.0176961              1
18              7         3.1445      0.0326779              1
18              8        3.14318      0.0498906              1
18              9      0.0333535       0.017516              1
18             10     0.00360799     0.00514464              1
18             11        3.14858      0.0415015              1
18             12        3.16795       0.011954              1
18             13      0.0258775        0.02404              1
18             14     0.00285195     0.00617739              1
18             15        3.18452      0.0208687              1
18             16        3.17686      0.0128728              1
18             17      0.0376836      0.0314155              1
18             18      0.0255364      0.0139364              1
18             19        3.14698      0.0165634              1
18             20        3.17695      0.0214438              1
18             21      0.0233457      0.0264184              1
18             22      0.0232665      0.0425339              1
18             23        3.17093      0.0447445              1
19              0        3.14674      0.0253375              1
19              1        3.17229      0.0492435              1
19              2      0.0262611      0.0209765              1
19              3      0.0371799      0.0182747              1
19              4        3.18991      0.0144024              1
19              5        3.17004      0.0123507              1
19              6      0.0190167     0.00199764              1
19              7      0.0188873      0.0176471              1
19              8        3.14667     0.00220447              1
19              9        3.14272      0.0006698              1
19             10      0.0473326     0.00546459              1
19             11      0.0199309      0.0465514              1
19             12        3.17912     0.00928318              1
19             13        3.17838       0.023335              1
19             14     0.00459239     0.00213196              1
19             15     0.00170764      0.0320984              1
19             16         3.1544      0.0218265              1
19             17         3.1784      0.0428021              1
19             18     0.00623618       0.014018              1
19             19      0.0407238      0.0356163              1
19             20        3.14936      0.0213441              1
19             21        3.15095     0.00266331              1
19             22       0.020333       0.046024              1
19             23       0.016073      0.0326393              1
20              0      0.0409142      0.0474251              1
20              1        3.17352      0.0212744              1
20              2         3.1912       0.049986              1
20              3          0.046      0.0161576              1
20              4     0.00563715      0.0105931              1
20              5        3.17157      0.0283186              1
20              6        3.15446      0.0404362              1
20              7      0.0196003     0.00693932              1
20              8     0.00283962      0.0225765              1
20              9        3.14578      0.0445061              1
20             10         3.1596     0.00107908              1
20             11      0.0399606      0.0483714              1
20             12      0.0363201      0.0113012              1
20             13         3.1881      0.0351127              1
20             14        3.14784      0.0450811              1
20             15      0.0142963     0.00864245              1
20             16     0.00580149      0.0277469              1
20             17        3.18951     0.00578246              1
20             18        3.19013     0.00487966              1
20             19      0.0428465      0.0279596              1
20             20      0.0343097      0.0163837              1
20             21        3.16203      0.0240047              1
20             22        3.18584      0.0369863              1
20             23      0.0475579      0.0422643              1
21              0      0.0130527      0.0275591              1
21              1      0.0235122      0.0483895              1
21              2        3.18854     0.00573699              1
21              3        3.14953      0.0301264              1
21              4      0.0382876      0.0220198              1
21              5      0.0403487      0.0385632              1
21              6        3.17389    0.000122278              1
21              7        3.15092      0.0120873              1
21              8      0.0304043      0.0497312              1
21              9      0.0156428      0.0123715              1
21             10        3.18102      0.0492455              1
21             11        3.18392     0.00517219              1
21             12      0.0479921    0.000551925              1
21             13      0.0290231      0.0203218              1
21             14        3.15048      0.0333362              1
21             15        3.16395     0.00248158              1
21             16      0.0019478      0.0447183              1
21             17     0.00924031      0.0355814              1
21             18        3.19054     0.00691152              1
21             19        3.17325      0.0186102              1
21             20       0.022035      0.0438168              1
21             21      0.0388626      0.0299435              1
21             22        3.15431     0.00863241              1
21             23        3.15094      0.0408784              1
22              0        3.18504      0.0050431              1
22              1     0.00862167      0.0274741              1
22              2      0.0262018      0.0296251              1
22              3        3.19118     0.00420081              1
22              4        3.19153      0.0385015              1
22              5      0.0389589     0.00354745              1
22              6      0.0112496      0.0224108              1
22              7        3.14763      0.0196319              1
22              8        3.16211      0.0205076              1
22              9      0.0468356      0.0284693              1
22             10      0.0379405     0.00602867              1
22             11        3.14176      0.0247796              1
22             12        3.14798     0.00377144              1
22             13      0.0338131     0.00436413              1
22             14      0.0385671      0.0316078              1
22             15        3.14684      0.0334862              1
22             16        3.18947      0.0453434              1
22             17      0.0147608      0.0140156              1
22             18      0.0343138      0.0425105              1
22             19         3.1502      0.0370728              1
22             20        3.16271      0.0319134              1
22             21      0.0192668      0.0222385              1
22             22      0.0263433      0.0179509              1
22             23         3.1709      0.0124377              1
23              0        3.15819      0.0282092              1
23              1        3.16916      0.0418638              1
23              2      0.0358685     0.00166948              1
23              3       0.038564      0.0449497              1
23              4        3.15042       0.015031              1
23              5        3.16828     0.00289812              1
23              6     0.00951717     0.00225363              1
23              7      0.0230527      0.0127455              1
23              8        3.17666      0.0195947              1
23              9         3.1572      0.0167208              1
23             10      0.0185638       0.010961              1
23             11     0.00984898      0.0403569              1
23             12        3.17729       0.049131              1
23             13        3.17736      0.0230487              1
23             14      0.0397008      0.0110241              1
23             15      0.0166864     0.00601292              1
23             16         3.1899      0.0237988              1
23             17         3.1687      0.0367024              1
23             18      0.0398402      0.0484152              1
23             19     0.00607144      0.0306283              1
23             20        3.18964      0.0124518              1
23             21        3.16658     0.00792748              1
23             22      0.0253039      0.0105328              1
23             23      0.0146793      0.0258916              1
