#x              y     Theta(x,y)       Phi(x,y)Moment_Size(x,y)
0              0     0.00828566      0.0386713              1
0              1        3.15529     0.00339016              1
0              2        3.18366      0.0308292              1
0              3      0.0323516     0.00446032              1
0              4      0.0366097      0.0113575              1
0              5         3.1482     0.00387623              1
0              6        3.17847      0.0252035              1
0              7      0.0257754      0.0369528              1
0              8      0.0406884      0.0430893              1
0              9        3.17154      0.0457552              1
0             10        3.16874      0.0179473              1
0             11      0.0373468     0.00952036              1
0             12      0.0462492     0.00201749              1
0             13        3.15972    0.000565112              1
0             14        3.18056      0.0438852              1
0             15     0.00761104     0.00491208              1
0             16     0.00671512      0.0329827              1
0             17        3.17134      0.0295098              1
0             18        3.14208     0.00150303              1
0             19     0.00351854      0.0187379              1
0             20      0.0319398      0.0486708              1
0             21        3.18222      0.0453069              1
0             22        3.15484      0.0289276              1
0             23      0.0124037      0.0311668              1
1              0      0.0189013      0.0349314              1
1              1      0.0262402     0.00563105              1
1              2          3.179      0.0335261              1
1              3        3.16043     0.00398849              1
1              4     0.00754107        0.02414              1
1              5      0.0142341      0.0360955              1
1              6        3.18243      0.0282242              1
1              7        3.15523     0.00292898              1
1              8     0.00653871     0.00529065              1
1              9      0.0192837        0.01532              1
1             10        3.18873      0.0379781              1
1             11        3.16478       0.023975              1
1             12    0.000673988      0.0269834              1
1             13       0.045402      0.0158039              1
1             14        3.14655      0.0376641              1
1             15        3.15191      0.0356653              1
1             16      0.0172919      0.0497582              1
1             17     0.00865869       0.019844              1
1             18        3.14437      0.0089631              1
1             19        3.18631      0.0153616              1
1             20       0.015915      0.0108708              1
1             21      0.0228934      0.0339868              1
1             22        3.17679     0.00396058              1
1             23        3.18171      0.0475244              1
2              0        3.14453      0.0141992              1
2              1        0.01921      0.0309965              1
2              2      0.0237417      0.0402332              1
2              3        3.18909      0.0122666              1
2              4        3.15055      0.0162704              1
2              5      0.0167941      0.0457577              1
2              6       0.046164      0.0356065              1
2              7        3.17661      0.0208186              1
2              8        3.15909     0.00286323              1
2              9      0.0455088     0.00713249              1
2             10      0.0462067      0.0389976              1
2             11        3.16633     0.00137905              1
2             12        3.17817      0.0388951              1
2             13       0.016656      0.0190073              1
2             14      0.0356096       0.049198              1
2             15        3.17516      0.0410317              1
2             16        3.16329      0.0167779              1
2             17      0.0305245      0.0114655              1
2             18      0.0182602      0.0163399              1
2             19        3.18957      0.0138703              1
2             20         3.1658      0.0303338              1
2             21      0.0212699      0.0214573              1
2             22       0.044352      0.0442861              1
2             23         3.1734      0.0294174              1
3              0         3.1863      0.0335194              1
3              1        3.19063      0.0185475              1
3              2     0.00467283      0.0249261              1
3              3      0.0101465      0.0255453              1
3              4        3.14923      0.0350362              1
3              5        3.15767      0.0316786              1
3              6      0.0285949      0.0234984              1
3              7       0.014433      0.0281786              1
3              8        3.15289      0.0206845              1
3              9        3.16727      0.0450352              1
3             10     0.00230091      0.0381591              1
3             11      0.0336802      0.0327407              1
3             12        3.17249      0.0392017              1
3             13        3.17472     0.00682793              1
3             14      0.0335468      0.0103867              1
3             15    0.000134655      0.0219395              1
3             16        3.16376      0.0350166              1
3             17        3.14477     0.00814061              1
3             18      0.0132461      0.0268577              1
3             19      0.0160464      0.0324917              1
3             20        3.18296     0.00850522              1
3             21        3.17412     0.00409744              1
3             22      0.0256177      0.0173116              1
3             23      0.0129852      0.0128784              1
4              0      0.0265043      0.0435964              1
4              1        3.14887       0.014197              1
4              2        3.16715      0.0400141              1
4              3       0.026761      0.0234131              1
4              4      0.0262379       0.031244              1
4              5        3.18421      0.0257416              1
4              6        3.17917     0.00719832              1
4              7       0.021736     0.00997609              1
4              8      0.0449534     0.00293153              1
4              9        3.18162    0.000870926              1
4             10        3.16042      0.0409249              1
4             11      0.0478954      0.0074021              1
4             12      0.0224409      0.0173406              1
4             13        3.14374      0.0339018              1
4             14        3.16225     0.00862922              1
4             15      0.0214716      0.0165507              1
4             16     0.00939441      0.0371566              1
4             17         3.1843      0.0176499              1
4             18        3.19057      0.0173972              1
4             19      0.0392126      0.0469606              1
4             20      0.0367472     0.00977471              1
4             21        3.17157       0.010121              1
4             22        3.14336      0.0152323              1
4             23     0.00843581      0.0497028              1
5              0      0.0135824     0.00493026              1
5              1     0.00184272      0.0440476              1
5              2        3.14384      0.0496345              1
5              3        3.15022      0.0440373              1
5              4      0.0499508       0.041546              1
5              5      0.0483008      0.0329617              1
5              6        3.15908      0.0122742              1
5              7        3.14772      0.0246854              1
5              8      0.0172961      0.0284515              1
5              9      0.0062346      0.0195582              1
5             10        3.18449      0.0165855              1
5             11        3.16578      0.0114456              1
5             12      0.0175809      0.0366786              1
5             13      0.0111751     0.00998067              1
5             14        3.18105      0.0141193              1
5             15        3.18216     0.00656566              1
5             16      0.0409114      0.0163766              1
5             17     0.00571129      0.0238634              1
5             18        3.15218      0.0131637              1
5             19        3.15017     0.00954805              1
5             20      0.0381963      0.0370299              1
5             21      0.0384061      0.0172838              1
5             22        3.15704      0.0479685              1
5             23        3.14609      0.0249004              1
6              0        3.18584      0.0197174              1
6              1      0.0182797      0.0351996              1
6              2     0.00660161      0.0202833              1
6              3        3.17816      0.0479841              1
6              4        3.15253     0.00727668              1
6              5      0.0265886      0.0263096              1
6              6      0.0118022      0.0426569              1
6              7        3.15601      0.0236093              1
6              8        3.15052      0.0134859              1
6              9      0.0154207      0.0406371              1
6             10      0.0353644     0.00568871              1
6             11        3.18709      0.0401386              1
6             12        3.16916      0.0464049              1
6             13      0.0312988      0.0374432              1
6             14      0.0130986      0.0419886              1
6             15        3.18526      0.0329031              1
6             16        3.18535    0.000700293              1
6             17      0.0206047       0.016741              1
6             18      0.0235905      0.0475427              1
6             19        3.16357      0.0142017              1
6             20        3.18848     0.00528885              1
6             21      0.0135682      0.0457099              1
6             22      0.0474395     0.00069079              1
6             23        3.17425      0.0404243              1
7              0        3.15446      0.0157967              1
7              1        3.16207       0.037029              1
7              2      0.0369302      0.0256278              1
7              3     0.00614475      0.0198989              1
7              4        3.14552      0.0176382              1
7              5        3.14169      0.0456191              1
7              6      0.0240531       0.017073              1
7              7      0.0479957        0.02041              1
7              8        3.18147      0.0129811              1
7              9        3.18462      0.0295109              1
7             10        0.04965     0.00216226              1
7             11     0.00222256     0.00240618              1
7             12        3.16926      0.0454805              1
7             13        3.16169      0.0465676              1
7             14      0.0350229      0.0362401              1
7             15      0.0345459      0.0414602              1
7             16        3.14999      0.0300174              1
7             17        3.17479      0.0142008              1
7             18      0.0146313      0.0203043              1
7             19      0.0201581      0.0317073              1
7             20        3.18263     0.00356243              1
7             21        3.18246     0.00234048              1
7             22      0.0119927      0.0219275              1
7             23      0.0111149       0.045232              1
8              0      0.0187333    0.000167999              1
8              1        3.18971      0.0121176              1
8              2        3.16102     0.00980644              1
8              3      0.0350107      0.0338329              1
8              4     0.00746357      0.0112599              1
8              5        3.17218      0.0304695              1
8              6        3.14981      0.0450187              1
8              7     0.00540693      0.0206058              1
8              8     0.00107287     0.00776292              1
8              9        3.18334      0.0367532              1
8             10        3.17446      0.0422105              1
8             11      0.0399069      0.0426209              1
8             12      0.0454449      0.0478097              1
8             13        3.16851      0.0113259              1
8             14        3.16586     0.00125998              1
8             15       0.010558      0.0249276              1
8             16      0.0244967     0.00241926              1
8             17        3.17826     0.00702341              1
8             18        3.17892      0.0465758              1
8             19      0.0469624      0.0141417              1
8             20      0.0345094      0.0358001              1
8             21        3.18353      0.0126712              1
8             22        3.17115     0.00517516              1
8             23      0.0107638      0.0476947              1
9              0      0.0423249      0.0471182              1
9              1      0.0410134     0.00728879              1
9              2        3.16418      0.0223159              1
9              3        3.14902       0.015214              1
9              4      0.0147577      0.0298791              1
9              5      0.0385393         0.0433              1
9              6        3.18093      0.0177463              1
9              7        3.15497      0.0343453              1
9              8     0.00491189      0.0444368              1
9              9      0.0222114      0.0203245              1
9             10        3.14982      0.0105424              1
9             11        3.16697       0.037496              1
9             12      0.0313459      0.0222817              1
9             13      0.0258372      0.0141128              1
9             14        3.14718      0.0320198              1
9             15        3.16325     0.00846599              1
9             16      0.0308489     0.00328874              1
9             17     0.00531987     0.00819123              1
9             18        3.17243      0.0461395              1
9             19        3.18981      0.0171439              1
9             20      0.0480347      0.0212048              1
9             21      0.0433824     0.00735588              1
9             22        3.17374     0.00808659              1
9             23        3.15098      0.0342333              1
10              0        3.15661      0.0467306              1
10              1      0.0139592      0.0110626              1
10              2      0.0261361      0.0274561              1
10              3        3.18232      0.0480874              1
10              4        3.16257       0.039977              1
10              5      0.0191411      0.0376014              1
10              6      0.0427528     0.00590164              1
10              7        3.18968      0.0368716              1
10              8        3.15504      0.0427526              1
10              9    0.000506263      0.0309087              1
10             10      0.0363271      0.0170206              1
10             11        3.17861      0.0408578              1
10             12         3.1711      0.0440013              1
10             13      0.0117515      0.0279846              1
10             14      0.0487864      0.0489923              1
10             15        3.16709      0.0195242              1
10             16        3.18884      0.0465782              1
10             17      0.0344282      0.0228431              1
10             18      0.0101334      0.0221869              1
10             19        3.14683      0.0425737              1
10             20        3.15627      0.0267414              1
10             21      0.0185821      0.0478053              1
10             22      0.0254054      0.0350598              1
10             23        3.17404      0.0339597              1
11              0        3.17963      0.0430717              1
11              1        3.15455      0.0292714              1
11              2      0.0249564     0.00576949              1
11              3      0.0383367      0.0315706              1
11              4        3.18376      0.0269069              1
11              5        3.18411      0.0351386              1
11              6    0.000595212       0.019314              1
11              7       0.001339     0.00280859              1
11              8        3.17506      0.0448849              1
11              9        3.16927      0.0426436              1
11             10       0.037838     0.00507383              1
11             11     0.00379609      0.0498709              1
11             12         3.1502       0.043017              1
11             13        3.14244      0.0471051              1
11             14      0.0433256      0.0418906              1
11             15      0.0272665      0.0260546              1
11             16        3.18052       0.049941              1
11             17        3.17895      0.0357887              1
11             18      0.0452342      0.0361414              1
11             19      0.0436803      0.0328968              1
11             20        3.14991      0.0317094              1
11             21        3.18901      0.0413632              1
11             22      0.0102735      0.0164897              1
11             23      0.0164146      0.0295415              1
12              0      0.0168395      0.0247109              1
12              1        3.17851      0.0216807              1
12              2        3.17924      0.0257869              1
12              3      0.0288869     0.00825087              1
12              4      0.0329465      0.0100533              1
12              5        3.18389      0.0332876              1
12              6        3.16267      0.0120826              1
12              7     0.00694689      0.0471583              1
12              8      0.0289487      0.0456962              1
12              9        3.18307     0.00063944              1
12             10        3.18664     0.00204164              1
12             11      0.0369915      0.0154913              1
12             12      0.0295815      0.0348415              1
12             13        3.16299      0.0329343              1
12             14        3.16602      0.0448035              1
12             15      0.0417122      0.0307625              1
12             16     0.00198942       0.025996              1
12             17        3.15664      0.0472851              1
12             18        3.16852     0.00352886              1
12             19      0.0192223      0.0388607              1
12             20      0.0225029       0.043164              1
12             21        3.14692     0.00995556              1
12             22        3.18112      0.0179502              1
12             23      0.0339451       0.047241              1
13              0      0.0216099    0.000437732              1
13              1      0.0499092      0.0136402              1
13              2        3.17876      0.0107299              1
13              3        3.16704      0.0418516              1
13              4       0.037038      0.0368641              1
13              5      0.0414832      0.0248676              1
13              6        3.16503      0.0183991              1
13              7        3.14951     0.00284961              1
13              8       0.034829      0.0352719              1
13              9      0.0253864      0.0426998              1
13             10        3.15674      0.0205919              1
13             11        3.19054      0.0281613              1
13             12      0.0393846      0.0158753              1
13             13      0.0176252      0.0482894              1
13             14        3.15861      0.0226296              1
13             15         3.1541      0.0295181              1
13             16      0.0170433       0.012349              1
13             17      0.0199516      0.0294221              1
13             18        3.19147      0.0378331              1
13             19        3.14655     0.00898032              1
13             20      0.0360034    0.000713405              1
13             21      0.0494707      0.0340364              1
13             22        3.16933     0.00013591              1
13             23        3.15493      0.0155628              1
14              0        3.14599      0.0304171              1
14              1      0.0407687      0.0457822              1
14              2      0.0402326      0.0235732              1
14              3        3.18575      0.0237003              1
14              4        3.18005      0.0487694              1
14              5      0.0203643      0.0401962              1
14              6     0.00132908      0.0420454              1
14              7        3.16974       0.039234              1
14              8        3.15091      0.0129626              1
14              9      0.0154714     0.00588027              1
14             10       0.029182     0.00596742              1
14             11        3.14863      0.0342905              1
14             12        3.14188      0.0181748              1
14             13      0.0318662      0.0188165              1
14             14      0.0305014      0.0133025              1
14             15        3.16846      0.0349492              1
14             16        3.17325      0.0228214              1
14             17       0.023152      0.0457219              1
14             18     0.00258159      0.0277992              1
14             19        3.18242      0.0136116              1
14             20        3.17185      0.0357729              1
14             21      0.0252424      0.0017855              1
14             22      0.0268339      0.0340802              1
14             23        3.18234      0.0342223              1
15              0        3.16185      0.0406221              1
15              1        3.15174      0.0284834              1
15              2      0.0363692      0.0274182              1
15              3      0.0447836      0.0234303              1
15              4        3.16005      0.0167551              1
15              5        3.16359      0.0085289              1
15              6      0.0385523      0.0104872              1
15              7      0.0446275     0.00789209              1
15              8         3.1745      0.0321269              1
15              9        3.14867      0.0383039              1
15             10      0.0114455      0.0434737              1
15             11      0.0209296     0.00816354              1
15             12        3.18176      0.0112975              1
15             13        3.18283      0.0386246              1
15             14      0.0129737      0.0239554              1
15             15      0.0426992     0.00507889              1
15             16        3.15101      0.0318151              1
15             17        3.16965      0.0373152              1
15             18      0.0439617      0.0094024              1
15             19      0.0342253      0.0198589              1
15             20        3.17182      0.0334092              1
15             21        3.14496      0.0129332              1
15             22      0.0145519       0.005827              1
15             23       0.022213      0.0188588              1
16              0      0.0444542      0.0457334              1
16              1        3.16634     0.00751664              1
16              2        3.14433      0.0416371              1
16              3      0.0405205      0.0249544              1
16              4      0.0049388      0.0260775              1
16              5        3.18114     0.00306199              1
16              6        3.14772      0.0196682              1
16              7      0.0352101    0.000638497              1
16              8      0.0155997      0.0222854              1
16              9         3.1549      0.0131018              1
16             10        3.15534      0.0128688              1
16             11     0.00937897       0.028323              1
16             12      0.0458301      0.0296075              1
16             13        3.15158       0.016402              1
16             14        3.16337      0.0153483              1
16             15      0.0392025    0.000204837              1
16             16      0.0469028     0.00410136              1
16             17        3.15992       0.012361              1
16             18        3.15004      0.0327002              1
16             19      0.0417619      0.0176624              1
16             20      0.0250204      0.0116265              1
16             21        3.17466      0.0119359              1
16             22        3.17782      0.0464699              1
16             23      0.0248607       0.010095              1
17              0      0.0120731      0.0101622              1
17              1      0.0436131      0.0308495              1
17              2        3.16167      0.0324016              1
17              3        3.14282       0.045534              1
17              4      0.0493319      0.0445731              1
17              5       0.035378     0.00160561              1
17              6        3.18422     0.00463795              1
17              7        3.17513     0.00293566              1
17              8      0.0174952      0.0146235              1
17              9       0.035489      0.0352012              1
17             10        3.16301     0.00852823              1
17             11        3.18556     0.00683254              1
17             12      0.0474638      0.0467657              1
17             13     0.00369363      0.0352471              1
17             14        3.17675      0.0389976              1
17             15        3.15842      0.0335623              1
17             16      0.0149476      0.0152752              1
17             17       0.024988      0.0426602              1
17             18        3.14267     0.00512256              1
17             19        3.16512     0.00983838              1
17             20      0.0116174      0.0180737              1
17             21       0.024035      0.0259239              1
17             22        3.14543      0.0172585              1
17             23        3.16253      0.0048818              1
18              0        3.15363      0.0246775              1
18              1      0.0341954      0.0184887              1
18              2      0.0188132      0.0339746              1
18              3        3.15866      0.0357536              1
18              4        3.17766      0.0176543              1
18              5      0.0366405     0.00506465              1
18              6      0.0270999      0.0196598              1
18              7        3.17775      0.0143927              1
18              8        3.15088      0.0344587              1
18              9      0.0314066     0.00843994              1
18             10      0.0113759     0.00647082              1
18             11        3.18314       0.049212              1
18             12        3.16795      0.0189548              1
18             13      0.0427532      0.0422293              1
18             14      0.0425872      0.0244655              1
18             15        3.18047      0.0169289              1
18             16        3.17466     0.00378647              1
18             17      0.0189672     0.00770056              1
18             18    0.000285248      0.0204519              1
18             19        3.15379      0.0418323              1
18             20        3.18897      0.0246881              1
18             21      0.0449478     0.00898179              1
18             22      0.0193203     0.00546113              1
18             23        3.17149       0.045267              1
19              0        3.19157     0.00236164              1
19              1         3.1571      0.0070392              1
19              2     0.00985412    0.000154567              1
19              3      0.0294481       0.046764              1
19              4        3.16772      0.0358668              1
19              5        3.17663      0.0273945              1
19              6     0.00507908     0.00447165              1
19              7       0.011585    0.000256871              1
19              8        3.17641      0.0485197              1
19              9         3.1555      0.0302978              1
19             10     0.00868643      0.0126623              1
19             11      0.0332852      0.0105162              1
19             12          3.152      0.0254347              1
19             13        3.15239      0.0454265              1
19             14      0.0365307      0.0128706              1
19             15    0.000838406     0.00510856              1
19             16        3.15632     0.00853578              1
19             17        3.19033      0.0439152              1
19             18      0.0466641      0.0258321              1
19             19      0.0391095      0.0496298              1
19             20        3.17966     0.00426486              1
19             21        3.14519       0.049869              1
19             22     0.00872839      0.0218334              1
19             23      0.0357281      0.0307474              1
20              0      0.0486542      0.0329866              1
20              1        3.15381      0.0380333              1
20              2        3.16178      0.0244151              1
20              3      0.0105357      0.0233529              1
20              4      0.0245152      0.0360948              1
20              5        3.14984     0.00511072              1
20              6        3.19055      0.0477668              1
20              7      0.0452546      0.0185314              1
20              8      0.0329419      0.0379343              1
20              9        3.17214      0.0434133              1
20             10        3.18993      0.0276087              1
20             11     0.00418005      0.0296427              1
20             12      0.0421942      0.0122979              1
20             13        3.18163      0.0143346              1
20             14        3.16544     0.00440892              1
20             15      0.0112987      0.0304111              1
20             16     0.00838105      0.0346221              1
20             17        3.17165      0.0255077              1
20             18        3.14251     0.00907116              1
20             19      0.0358205      0.0301078              1
20             20     0.00992703      0.0223397              1
20             21        3.16337      0.0203957              1
20             22        3.16986      0.0216713              1
20             23        0.02506       0.036848              1
21              0      0.0205971      0.0180965              1
21              1      0.0188123     0.00710406              1
21              2        3.15187       0.047689              1
21              3        3.17314      0.0162842              1
21              4      0.0229578      0.0384337              1
21              5      0.0420768      0.0159346              1
21              6        3.18303     0.00512372              1
21              7        3.16937      0.0092778              1
21              8      0.0211484      0.0251466              1
21              9      0.0254656      0.0336848              1
21             10        3.14882        0.04036              1
21             11        3.15203      0.0037459              1
21             12      0.0472063      0.0104023              1
21             13     0.00916538      0.0217052              1
21             14        3.14266      0.0147668              1
21             15        3.17625       0.031558              1
21             16      0.0203634      0.0184585              1
21             17      0.0463366      0.0188343              1
21             18        3.16378      0.0331023              1
21             19        3.16647      0.0393019              1
21             20      0.0119558      0.0493294              1
21             21      0.0353906      0.0120322              1
21             22         3.1515      0.0404571              1
21             23        3.16665      0.0227863              1
22              0        3.17279      0.0166157              1
22              1      0.0492079      0.0186829              1
22              2      0.0337683       0.015218              1
22              3        3.16708      0.0362543              1
22              4        3.14591      0.0442842              1
22              5      0.0307033      0.0359151              1
22              6      0.0322233      0.0160106              1
22              7        3.17163      0.0145976              1
22              8        3.16454       0.016862              1
22              9       0.043449      0.0036064              1
22             10      0.0492916      0.0144751              1
22             11        3.18127    0.000556477              1
22             12        3.17666     0.00795996              1
22             13      0.0198366      0.0251065              1
22             14     0.00140249      0.0234482              1
22             15         3.1822      0.0340601              1
22             16        3.17005     0.00857061              1
22             17      0.0356804      0.0390483              1
22             18     0.00823187      0.0223942              1
22             19         3.1473      0.0317651              1
22             20        3.14922      0.0157708              1
22             21     0.00190303      0.0274763              1
22             22     0.00662093      0.0199811              1
22             23         3.1846      0.0174553              1
23              0        3.14534      0.0179694              1
23              1        3.16107     0.00459688              1
23              2     0.00265493      0.0121772              1
23              3     0.00407409     0.00746599              1
23              4        3.18236      0.0437117              1
23              5        3.19087      0.0259201              1
23              6      0.0235338      0.0422154              1
23              7     0.00333567     0.00826628              1
23              8        3.17371      0.0273403              1
23              9        3.18153      0.0224804              1
23             10    0.000312172      0.0341079              1
23             11       0.016307     0.00405595              1
23             12        3.16279      0.0319119              1
23             13        3.17879      0.0293818              1
23             14      0.0191127      0.0444291              1
23             15       0.012162       0.008914              1
23             16        3.15864      0.0138662              1
23             17         3.1683      0.0142813              1
23             18     0.00224043      0.0338857              1
23             19      0.0251729      0.0140438              1
23             20        3.14248      0.0235725              1
23             21        3.17831      0.0496765              1
23             22      0.0207261      0.0103839              1
23             23      0.0107536        0.01453              1
