#x              y     Theta(x,y)       Phi(x,y)Moment_Size(x,y)
0              0      0.0300642      0.0456852              1
0              1        3.15881      0.0133175              1
0              2        3.16681      0.0218114              1
0              3     0.00793669      0.0149945              1
0              4      0.0265024      0.0104952              1
0              5        3.15678      0.0428067              1
0              6         3.1778       0.015649              1
0              7      0.0375717      0.0320515              1
0              8      0.0321129      0.0173852              1
0              9        3.17763      0.0489391              1
0             10        3.14267      0.0297797              1
0             11      0.0129062      0.0123949              1
0             12      0.0322938      0.0138299              1
0             13        3.17746      0.0412093              1
0             14        3.16415      0.0459254              1
0             15      0.0211127      0.0159945              1
0             16      0.0148961        0.01992              1
0             17        3.15765      0.0450656              1
0             18        3.16597      0.0223974              1
0             19      0.0225123      0.0336972              1
0             20     0.00727745      0.0490702              1
0             21        3.14663       0.024705              1
0             22        3.18695      0.0293303              1
0             23      0.0118846      0.0449794              1
1              0      0.0133366      0.0303683              1
1              1      0.0162522      0.0284478              1
1              2        3.14984     0.00497575              1
1              3        3.18127     0.00569243              1
1              4      0.0472124     0.00554962              1
1              5     0.00776605      0.0417811              1
1              6         3.1635      0.0433125              1
1              7        3.14225      0.0446334              1
1              8      0.0447896      0.0171604              1
1              9      0.0256834      0.0207623              1
1             10        3.18788    9.16139e-05              1
1             11        3.16213      0.0392984              1
1             12        0.03046      0.0400707              1
1             13      0.0410142       0.014388              1
1             14        3.17317      0.0180407              1
1             15        3.15447      0.0173089              1
1             16      0.0287326      0.0321172              1
1             17      0.0489514      0.0116528              1
1             18        3.18718      0.0321529              1
1             19        3.17416      0.0371775              1
1             20      0.0340402      0.0361249              1
1             21    0.000482974      0.0177093              1
1             22        3.16563      0.0435234              1
1             23        3.14435      0.0488786              1
2              0         3.1434       0.037659              1
2              1      0.0311072      0.0272761              1
2              2      0.0266109       0.048167              1
2              3        3.18784      0.0365727              1
2              4        3.17839      0.0221122              1
2              5      0.0217482       0.038615              1
2              6    0.000198477      0.0350945              1
2              7           3.16      0.0311435              1
2              8        3.16152      0.0476375              1
2              9     0.00958806      0.0349601              1
2             10      0.0109105      0.0433296              1
2             11        3.18825      0.0424222              1
2             12        3.18998      0.0128283              1
2             13    0.000637551      0.0338504              1
2             14     0.00336213      0.0258514              1
2             15         3.1625      0.0264836              1
2             16        3.18967      0.0278336              1
2             17      0.0419401      0.0282683              1
2             18      0.0006401    9.79144e-05              1
2             19        3.18862      0.0112347              1
2             20        3.17676      0.0101112              1
2             21      0.0418655     0.00720898              1
2             22      0.0343743       0.025722              1
2             23        3.18479     0.00848906              1
3              0        3.16455       0.045285              1
3              1        3.17312     0.00965469              1
3              2      0.0288929      0.0325665              1
3              3      0.0274415      0.0372729              1
3              4        3.17858      0.0224639              1
3              5        3.17265     0.00514781              1
3              6      0.0316575     0.00868955              1
3              7      0.0359212      0.0489635              1
3              8        3.15915     0.00895022              1
3              9         3.1661      0.0248147              1
3             10      0.0019816      0.0347209              1
3             11      0.0214398      0.0200163              1
3             12        3.15245      0.0386297              1
3             13        3.15226      0.0343034              1
3             14      0.0027778      0.0390059              1
3             15       0.021801      0.0412288              1
3             16        3.19077     0.00832735              1
3             17        3.14262      0.0254465              1
3             18      0.0465137      0.0242989              1
3             19      0.0160663      0.0226379              1
3             20        3.14255      0.0226775              1
3             21        3.17555      0.0240148              1
3             22      0.0272094      0.0497679              1
3             23      0.0136101      0.0403312              1
4              0      0.0156718      0.0187777              1
4              1        3.17454      0.0173058              1
4              2        3.14818     0.00748848              1
4              3      0.0316165      0.0417071              1
4              4      0.0180899      0.0455423              1
4              5        3.15417      0.0275069              1
4              6        3.17008       0.048941              1
4              7      0.0456865     0.00823424              1
4              8      0.0142154     0.00463135              1
4              9        3.18083      0.0478331              1
4             10         3.1549      0.0395121              1
4             11     0.00743564      0.0353079              1
4             12     0.00545744      0.0245579              1
4             13        3.17033      0.0429845              1
4             14        3.14967     0.00617846              1
4             15      0.0380193      0.0266959              1
4             16      0.0256936     0.00857111              1
4             17        3.16902      0.0137044              1
4             18        3.15047      0.0344109              1
4             19      0.0459423      0.0201677              1
4             20      0.0281338      0.0131418              1
4             21        3.14787      0.0220515              1
4             22        3.18975      0.0448489              1
4             23      0.0364048      0.0279434              1
5              0     0.00693912      0.0462164              1
5              1      0.0225263      0.0221758              1
5              2        3.16291      0.0475292              1
5              3        3.17932      0.0100954              1
5              4      0.0155812     0.00437668              1
5              5      0.0391117      0.0183398              1
5              6        3.17527      0.0234423              1
5              7        3.16383     0.00801159              1
5              8     0.00383452       0.012153              1
5              9      0.0446118      0.0490002              1
5             10        3.15705       0.048513              1
5             11         3.1599      0.0232866              1
5             12    0.000617126      0.0103999              1
5             13      0.0114209      0.0486384              1
5             14        3.15422      0.0307722              1
5             15        3.14758      0.0470037              1
5             16      0.0466613      0.0249917              1
5             17     0.00658739      0.0494021              1
5             18        3.17026      0.0403028              1
5             19        3.16637      0.0207313              1
5             20    9.80607e-05      0.0437875              1
5             21      0.0323221      0.0320001              1
5             22         3.1502      0.0369984              1
5             23         3.1656      0.0230189              1
6              0        3.15997     0.00598598              1
6              1     0.00602373      0.0255284              1
6              2      0.0471712     0.00492208              1
6              3        3.18611      0.0167867              1
6              4        3.14404     0.00408802              1
6              5      0.0415608      0.0406299              1
6              6       0.043304      0.0350844              1
6              7        3.17327      0.0141312              1
6              8        3.17894      0.0019147              1
6              9      0.0271592       0.045356              1
6             10      0.0358262      0.0367677              1
6             11        3.14168      0.0348645              1
6             12        3.17862      0.0476503              1
6             13      0.0274737      0.0217594              1
6             14      0.0295934      0.0440327              1
6             15        3.18924      0.0374741              1
6             16        3.14458      0.0361227              1
6             17     0.00365376     0.00568192              1
6             18      0.0416737      0.0240899              1
6             19         3.1675      0.0295924              1
6             20        3.16158      0.0251227              1
6             21     0.00872026      0.0499954              1
6             22      0.0120614      0.0407076              1
6             23        3.17396      0.0247729              1
7              0        3.18754      0.0301746              1
7              1        3.18943      0.0450654              1
7              2      0.0393466      0.0442193              1
7              3       0.047264       0.037521              1
7              4         3.1553       0.030403              1
7              5          3.147      0.0423431              1
7              6      0.0348801      0.0424686              1
7              7      0.0100685      0.0186473              1
7              8          3.189      0.0180651              1
7              9        3.17745      0.0253298              1
7             10       0.041077      0.0109484              1
7             11      0.0182517      0.0261918              1
7             12        3.15512      0.0301431              1
7             13        3.17113      0.0290408              1
7             14      0.0208213       0.040484              1
7             15      0.0148595      0.0448652              1
7             16        3.15941      0.0358538              1
7             17        3.16622       0.041823              1
7             18      0.0239677     0.00135015              1
7             19      0.0430003       0.007724              1
7             20        3.16528      0.0102373              1
7             21        3.18812        0.03542              1
7             22       0.023521        0.04854              1
7             23      0.0362262      0.0319523              1
8              0      0.0448763      0.0244872              1
8              1         3.1538      0.0272213              1
8              2        3.17318      0.0163277              1
8              3      0.0346124       0.033877              1
8              4     0.00705022     0.00735483              1
8              5        3.18913      0.0290426              1
8              6        3.14997      0.0120006              1
8              7      0.0482721      0.0232999              1
8              8      0.0144797      0.0108916              1
8              9        3.14767      0.0310962              1
8             10         3.1658      0.0224205              1
8             11      0.0469212      0.0426414              1
8             12      0.0140715      0.0112102              1
8             13        3.15988      0.0327756              1
8             14         3.1743     0.00479535              1
8             15     0.00119756     0.00244075              1
8             16      0.0307941      0.0294233              1
8             17        3.16284      0.0340584              1
8             18        3.18703      0.0362891              1
8             19      0.0146573      0.0171616              1
8             20      0.0192838      0.0218543              1
8             21        3.15066     0.00888237              1
8             22        3.17582      0.0417627              1
8             23      0.0116382      0.0474942              1
9              0      0.0109669      0.0444731              1
9              1       0.045691     0.00471461              1
9              2        3.15148      0.0385997              1
9              3        3.17593      0.0461711              1
9              4      0.0269907      0.0412427              1
9              5      0.0226405       0.021106              1
9              6        3.15221     0.00807354              1
9              7         3.1794       0.029342              1
9              8      0.0035733       0.013636              1
9              9      0.0421525       0.049869              1
9             10        3.14491      0.0161643              1
9             11        3.14781       0.025237              1
9             12     0.00650613     0.00933482              1
9             13      0.0171834       0.046288              1
9             14        3.17547        0.02654              1
9             15        3.17904     0.00619298              1
9             16      0.0431969      0.0308901              1
9             17      0.0454667      0.0476279              1
9             18        3.14459      0.0379217              1
9             19         3.1785      0.0181155              1
9             20        0.04538      0.0377496              1
9             21      0.0475796      0.0231235              1
9             22         3.1467      0.0198725              1
9             23        3.15939       0.029298              1
10              0        3.17006      0.0353001              1
10              1       0.037561      0.0333358              1
10              2       0.016422      0.0215535              1
10              3        3.18637      0.0110693              1
10              4        3.18104      0.0192724              1
10              5      0.0357397      0.0275439              1
10              6     0.00931623      0.0470227              1
10              7        3.16757      0.0453583              1
10              8        3.18766      0.0204513              1
10              9       0.043483      0.0479822              1
10             10      0.0215215      0.0350089              1
10             11        3.14257      0.0424191              1
10             12        3.18205      0.0334266              1
10             13      0.0347739      0.0119267              1
10             14     0.00383746      0.0429116              1
10             15        3.18832      0.0273659              1
10             16        3.18624      0.0120795              1
10             17      0.0294897      0.0112843              1
10             18      0.0360344      0.0144653              1
10             19        3.14767      0.0309284              1
10             20         3.1876      0.0283343              1
10             21     0.00821195      0.0351795              1
10             22       0.014482    0.000834182              1
10             23        3.14186        0.02361              1
11              0        3.18228     0.00309483              1
11              1        3.15966      0.0456295              1
11              2      0.0404219      0.0136876              1
11              3     0.00702397      0.0190848              1
11              4        3.17493      0.0156687              1
11              5        3.15645       0.012714              1
11              6      0.0390766     0.00282584              1
11              7      0.0484724      0.0345496              1
11              8        3.15758      0.0146905              1
11              9        3.18269      0.0235957              1
11             10      0.0457952      0.0345049              1
11             11      0.0198184      0.0303462              1
11             12        3.16864     0.00479749              1
11             13        3.17771     0.00804058              1
11             14      0.0366624      0.0380379              1
11             15      0.0392931      0.0353013              1
11             16        3.16686      0.0130501              1
11             17        3.16593      0.0386016              1
11             18     0.00518339    3.52302e-05              1
11             19     0.00445057      0.0307142              1
11             20        3.15282     0.00428546              1
11             21         3.1806      0.0429128              1
11             22      0.0124567      0.0336421              1
11             23     0.00940095      0.0400725              1
12              0      0.0138788      0.0205025              1
12              1        3.18924      0.0202158              1
12              2        3.18124      0.0473982              1
12              3      0.0126152      0.0257014              1
12              4      0.0291649      0.0127882              1
12              5        3.15756      0.0285394              1
12              6         3.1913      0.0435679              1
12              7      0.0391436      0.0248633              1
12              8      0.0392491      0.0457215              1
12              9        3.16948       0.014555              1
12             10        3.14849      0.0344511              1
12             11      0.0397967       0.047241              1
12             12       0.029685      0.0463199              1
12             13        3.14705       0.027285              1
12             14        3.16007      0.0116698              1
12             15      0.0472124      0.0107271              1
12             16       0.026476      0.0256353              1
12             17        3.18781      0.0324408              1
12             18        3.18931      0.0116561              1
12             19      0.0422966     0.00169831              1
12             20      0.0129233       0.011738              1
12             21        3.17669      0.0340235              1
12             22          3.187      0.0344148              1
12             23     0.00605395      0.0446686              1
13              0        0.01126      0.0173941              1
13              1      0.0418905      0.0351477              1
13              2        3.15286      0.0400634              1
13              3        3.17439      0.0317072              1
13              4      0.0399802     0.00489833              1
13              5      0.0393361      0.0433537              1
13              6        3.17754      0.0438068              1
13              7        3.18955      0.0241409              1
13              8      0.0173665      0.0269806              1
13              9       0.035295      0.0253038              1
13             10        3.17547      0.0207611              1
13             11        3.17929       0.035735              1
13             12      0.0194239      0.0317033              1
13             13      0.0372997      0.0353849              1
13             14        3.17343      0.0211606              1
13             15        3.15686     0.00379816              1
13             16      0.0174893      0.0100856              1
13             17      0.0218188      0.0097267              1
13             18        3.18065      0.0114261              1
13             19        3.16025      0.0291805              1
13             20      0.0361992      0.0355432              1
13             21      0.0364274      0.0228617              1
13             22        3.15818      0.0125143              1
13             23        3.15348      0.0271079              1
14              0        3.15015      0.0362215              1
14              1      0.0470684     0.00345908              1
14              2      0.0328811      0.0351277              1
14              3        3.14162     0.00135599              1
14              4        3.17914      0.0414353              1
14              5      0.0413375       0.010792              1
14              6      0.0406374      0.0266494              1
14              7        3.16981     0.00202069              1
14              8        3.18077      0.0323801              1
14              9     0.00225132      0.0303535              1
14             10      0.0153943        0.03521              1
14             11         3.1653      0.0309768              1
14             12        3.19115     0.00282335              1
14             13      0.0268572     0.00864474              1
14             14      0.0303786       0.038878              1
14             15         3.1779      0.0460712              1
14             16        3.15891     0.00248673              1
14             17       0.031342      0.0365112              1
14             18     0.00460745     0.00275977              1
14             19        3.16429      0.0360842              1
14             20        3.14716      0.0482133              1
14             21      0.0406437      0.0461912              1
14             22      0.0270516      0.0105669              1
14             23        3.18937     0.00788806              1
15              0        3.15793       0.015383              1
15              1        3.18764      0.0218134              1
15              2       0.014723      0.0323625              1
15              3      0.0283769      0.0224139              1
15              4        3.16938     0.00244889              1
15              5        3.15633      0.0246304              1
15              6      0.0385472      0.0440699              1
15              7      0.0353293      0.0327178              1
15              8        3.15985      0.0416113              1
15              9        3.15109      0.0071783              1
15             10      0.0431991     0.00990467              1
15             11       0.013754      0.0193089              1
15             12        3.17992      0.0277128              1
15             13        3.17236       0.010978              1
15             14     0.00596413      0.0345804              1
15             15      0.0419301       0.037693              1
15             16        3.17612      0.0411406              1
15             17        3.18798     0.00701264              1
15             18      0.0118561      0.0163713              1
15             19     0.00312888     0.00934426              1
15             20        3.14765      0.0344663              1
15             21        3.15318      0.0457195              1
15             22      0.0197775      0.0186333              1
15             23      0.0208069      0.0396018              1
16              0      0.0109913      0.0345932              1
16              1        3.14275       0.026881              1
16              2        3.19143      0.0454028              1
16              3      0.0157175      0.0205545              1
16              4      0.0126409      0.0013798              1
16              5        3.16173      0.0377395              1
16              6        3.16576      0.0101336              1
16              7      0.0175138    0.000278972              1
16              8     0.00439953      0.0024528              1
16              9        3.18594      0.0336385              1
16             10        3.16304     0.00576245              1
16             11      0.0312012      0.0221332              1
16             12      0.0112578      0.0399481              1
16             13        3.16446      0.0131929              1
16             14        3.15307       0.035914              1
16             15      0.0189282      0.0237451              1
16             16      0.0321911     0.00697831              1
16             17         3.1589     0.00981639              1
16             18        3.18452      0.0261804              1
16             19      0.0316999      0.0340122              1
16             20      0.0404883       0.041128              1
16             21        3.16336      0.0490511              1
16             22        3.14285      0.0469242              1
16             23      0.0314296      0.0131584              1
17              0     0.00233184      0.0301893              1
17              1      0.0426537      0.0301119              1
17              2        3.16595      0.0486784              1
17              3         3.1583      0.0400659              1
17              4     0.00279145      0.0442258              1
17              5      0.0248396      0.0300252              1
17              6        3.15568       0.044995              1
17              7        3.16657      0.0313863              1
17              8      0.0319495       0.024174              1
17              9     0.00566561     0.00132711              1
17             10        3.14236      0.0291706              1
17             11        3.14204      0.0110435              1
17             12      0.0206922      0.0149961              1
17             13      0.0487778     0.00787803              1
17             14        3.16083      0.0110741              1
17             15         3.1444      0.0129827              1
17             16      0.0164816     0.00521166              1
17             17       0.024475      0.0402874              1
17             18        3.17646      0.0103118              1
17             19         3.1455      0.0265417              1
17             20     0.00175488      0.0321135              1
17             21      0.0221331      0.0282084              1
17             22        3.16403      0.0132299              1
17             23        3.15101     0.00366099              1
18              0        3.16773      0.0116306              1
18              1       0.025997      0.0242296              1
18              2       0.043547      0.0335536              1
18              3        3.14827      0.0115682              1
18              4        3.14197      0.0233299              1
18              5      0.0411835       0.032307              1
18              6      0.0344979     0.00241948              1
18              7        3.14558      0.0435278              1
18              8         3.1672      0.0158226              1
18              9     0.00244548       0.025373              1
18             10      0.0163132     0.00252896              1
18             11        3.14752      0.0153476              1
18             12        3.14765     0.00775968              1
18             13      0.0137653      0.0368825              1
18             14     0.00761776     0.00336944              1
18             15        3.15471     0.00900874              1
18             16        3.16878      0.0385259              1
18             17      0.0197127     0.00316771              1
18             18      0.0444111      0.0386647              1
18             19        3.16761       0.041446              1
18             20        3.17372      0.0307782              1
18             21      0.0455452       0.015677              1
18             22      0.0408535      0.0451991              1
18             23        3.15219     0.00832052              1
19              0         3.1876      0.0199319              1
19              1        3.16107      0.0139453              1
19              2      0.0162068      0.0207748              1
19              3      0.0477684      0.0470434              1
19              4        3.15681       0.025953              1
19              5        3.18633      0.0395415              1
19              6     0.00180157     0.00579213              1
19              7      0.0168122      0.0239233              1
19              8        3.15633      0.0264635              1
19              9        3.18639      0.0315456              1
19             10      0.0248472      0.0262408              1
19             11      0.0115504      0.0143928              1
19             12        3.15495       0.047021              1
19             13        3.18549      0.0186864              1
19             14       0.012102      0.0486454              1
19             15       0.043748      0.0336284              1
19             16        3.14525      0.0212138              1
19             17        3.18426       0.046053              1
19             18      0.0464066     0.00213083              1
19             19      0.0283992     0.00392478              1
19             20        3.16444     0.00398256              1
19             21        3.16468      0.0496967              1
19             22       0.028844      0.0170846              1
19             23     0.00328271      0.0229354              1
20              0     0.00862447      0.0350441              1
20              1         3.1858      0.0484902              1
20              2        3.16251      0.0300404              1
20              3     0.00247164      0.0461582              1
20              4      0.0214504      0.0268054              1
20              5        3.16887      0.0331392              1
20              6        3.16471     0.00188251              1
20              7      0.0334808       0.049782              1
20              8      0.0449924       0.026294              1
20              9        3.16804      0.0349521              1
20             10        3.18528      0.0426721              1
20             11      0.0361641      0.0264201              1
20             12      0.0333361      0.0231771              1
20             13        3.15529     0.00955969              1
20             14        3.16944      0.0149826              1
20             15      0.0216848      0.0121015              1
20             16     0.00809891      0.0329715              1
20             17        3.16984      0.0116996              1
20             18        3.17032      0.0102445              1
20             19     0.00465758       0.030167              1
20             20      0.0369661      0.0245147              1
20             21        3.15194     0.00477737              1
20             22        3.14654      0.0376117              1
20             23       0.042233      0.0141145              1
21              0      0.0480936      0.0201612              1
21              1      0.0282708      0.0378329              1
21              2        3.18598      0.0210621              1
21              3        3.15804      0.0256073              1
21              4      0.0495677      0.0149294              1
21              5      0.0421299      0.0321536              1
21              6        3.18494      0.0376507              1
21              7         3.1466      0.0459176              1
21              8     0.00557504         0.0303              1
21              9      0.0129266       0.040699              1
21             10        3.16667      0.0404574              1
21             11        3.18562      0.0396874              1
21             12      0.0497695      0.0203815              1
21             13      0.0156541      0.0291308              1
21             14        3.15173      0.0205323              1
21             15        3.15208      0.0323794              1
21             16      0.0396677      0.0486638              1
21             17      0.0468591      0.0413968              1
21             18        3.17278      0.0321204              1
21             19        3.14356      0.0265022              1
21             20      0.0146863     0.00470209              1
21             21     0.00689775      0.0312302              1
21             22        3.16563       0.040205              1
21             23        3.18553     0.00396641              1
22              0        3.16721      0.0139508              1
22              1      0.0339025      0.0110768              1
22              2      0.0404964      0.0137986              1
22              3         3.1432      0.0169504              1
22              4        3.18841       0.048604              1
22              5      0.0429153     0.00399174              1
22              6    0.000387825      0.0446892              1
22              7        3.15698      0.0358946              1
22              8        3.14797       0.047145              1
22              9      0.0191184      0.0128522              1
22             10       0.014732      0.0442991              1
22             11        3.16549      0.0268779              1
22             12        3.16329       0.026104              1
22             13     0.00382793        0.02979              1
22             14       0.019589      0.0467174              1
22             15        3.15357      0.0359278              1
22             16        3.17882      0.0140645              1
22             17     0.00451874      0.0490056              1
22             18      0.0199816      0.0480603              1
22             19        3.16699     0.00466933              1
22             20         3.1706      0.0301571              1
22             21      0.0102948      0.0491695              1
22             22     0.00534809      0.0308032              1
22             23        3.15963      0.0444779              1
23              0        3.15673     0.00856321              1
23              1        3.18406      0.0493672              1
23              2      0.0363402      0.0462653              1
23              3      0.0129043      0.0486554              1
23              4        3.16689      0.0207237              1
23              5        3.17833      0.0327135              1
23              6      0.0479757      0.0156086              1
23              7      0.0215127      0.0205174              1
23              8        3.15041      0.0279777              1
23              9        3.14195      0.0138976              1
23             10      0.0143719      0.0381905              1
23             11      0.0287291     0.00113167              1
23             12        3.15565      0.0308307              1
23             13        3.16379      0.0027272              1
23             14     0.00443725      0.0122753              1
23             15      0.0161722      0.0495537              1
23             16        3.17333      0.0326268              1
23             17         3.1869      0.0400251              1
23             18      0.0240581      0.0246164              1
23             19     0.00752831     0.00163709              1
23             20        3.15435      0.0239796              1
23             21        3.16474       0.043196              1
23             22     0.00226766      0.0113159              1
23             23      0.0175132      0.0022776              1
