#x              y     Theta(x,y)       Phi(x,y)Moment_Size(x,y)
0              0      0.0336532     0.00192473              1
0              1         3.1549      0.0366444              1
0              2        3.18936      0.0454657              1
0              3     0.00348034     0.00356129              1
0              4     0.00296308      0.0235608              1
0              5        3.16391     0.00424024              1
0              6        3.16366      0.0321313              1
0              7      0.0209903      0.0317204              1
0              8     0.00857437      0.0326093              1
0              9        3.18135     0.00507911              1
0             10        3.19064      0.0398328              1
0             11     0.00567404    0.000935037              1
1              0      0.0112644      0.0337966              1
1              1      0.0104928      0.0245055              1
1              2        3.15842      0.0134817              1
1              3        3.16824      0.0140672              1
1              4      0.0219983     0.00256789              1
1              5      0.0241136      0.0158455              1
1              6        3.18705     0.00256226              1
1              7         3.1518      0.0276289              1
1              8      0.0147138      0.0457394              1
1              9      0.0346129      0.0318288              1
1             10        3.16059      0.0239261              1
1             11        3.17961      0.0496348              1
2              0        3.14611     0.00481712              1
2              1     0.00228894       0.034407              1
2              2      0.0297787      0.0126492              1
2              3        3.14964      0.0303717              1
2              4        3.15183      0.0414474              1
2              5      0.0439611      0.0193721              1
2              6      0.0281489     0.00262737              1
2              7        3.19061      0.0023499              1
2              8        3.17696     0.00460755              1
2              9      0.0446956      0.0489587              1
2             10      0.0497053      0.0448219              1
2             11        3.14627     0.00324798              1
3              0        3.14808       0.034389              1
3              1        3.18428     0.00406245              1
3              2      0.0431293      0.0343146              1
3              3     0.00447991      0.0228293              1
3              4        3.14221      0.0406409              1
3              5        3.14909     0.00238914              1
3              6        0.02003     0.00902005              1
3              7      0.0222538       0.016045              1
3              8        3.17484      0.0205326              1
3              9        3.19036      0.0224958              1
3             10      0.0102478     0.00103442              1
3             11     0.00568039      0.0112611              1
4              0      0.0396987      0.0109779              1
4              1        3.14439      0.0151438              1
4              2        3.15206      0.0317565              1
4              3      0.0110514      0.0283072              1
4              4       0.022444      0.0181165              1
4              5        3.16906      0.0393297              1
4              6        3.14989      0.0149607              1
4              7      0.0230278     0.00495317              1
4              8      0.0330424      0.0161251              1
4              9        3.18882      0.0247464              1
4             10        3.15974     0.00684543              1
4             11      0.0201697      0.0134202              1
5              0     0.00259834       0.028584              1
5              1     0.00540932      0.0141238              1
5              2        3.18949      0.0224097              1
5              3        3.15744     0.00763585              1
5              4       0.038386      0.0486284              1
5              5      0.0150341      0.0473982              1
5              6        3.15881      0.0103745              1
5              7        3.14247      0.0220709              1
5              8       0.045287      0.0370161              1
5              9      0.0301514     0.00469732              1
5             10        3.18081     0.00764744              1
5             11        3.14804      0.0389241              1
6              0        3.15558      0.0462258              1
6              1      0.0405189     0.00397042              1
6              2      0.0152853     0.00131413              1
6              3        3.16263     0.00551879              1
6              4        3.16388       0.036621              1
6              5     0.00942803      0.0041155              1
6              6      0.0480927      0.0249151              1
6              7        3.17586      0.0111029              1
6              8        3.15597      0.0151789              1
6              9     0.00299646      0.0365245              1
6             10      0.0309564      0.0098011              1
6             11          3.174      0.0240675              1
7              0        3.15574      0.0150012              1
7              1        3.17952      0.0415435              1
7              2      0.0310027      0.0223944              1
7              3        0.02915      0.0153872              1
7              4        3.16382      0.0398094              1
7              5        3.16119      0.0245925              1
7              6      0.0350837     0.00140006              1
7              7      0.0107717      0.0295693              1
7              8        3.17718      0.0376768              1
7              9        3.14977      0.0428157              1
7             10      0.0407359       0.010596              1
7             11      0.0238148      0.0464301              1
8              0     0.00736662      0.0221468              1
8              1        3.15541      0.0155772              1
8              2        3.15561      0.0374907              1
8              3      0.0189971      0.0407176              1
8              4      0.0337591      0.0102302              1
8              5        3.18711      0.0422971              1
8              6         3.1455      0.0213341              1
8              7      0.0227569      0.0128312              1
8              8      0.0125182      0.0405854              1
8              9        3.14588     0.00312445              1
8             10        3.17094      0.0349555              1
8             11      0.0332163      0.0228025              1
9              0      0.0483455      0.0422424              1
9              1      0.0460258      0.0309133              1
9              2         3.1772      0.0394285              1
9              3        3.16059      0.0300126              1
9              4       0.033807     0.00979537              1
9              5      0.0441387     0.00421411              1
9              6        3.15479      0.0386893              1
9              7        3.19018      0.0311977              1
9              8      0.0196455      0.0356081              1
9              9      0.0457012     0.00236359              1
9             10        3.17436       0.016924              1
9             11        3.18451      0.0341036              1
10              0        3.16279      0.0393543              1
10              1      0.0393653      0.0443724              1
10              2      0.0206489      0.0103051              1
10              3        3.18239      0.0467044              1
10              4        3.16693      0.0331224              1
10              5     0.00407468      0.0064225              1
10              6      0.0402934      0.0186884              1
10              7        3.18941      0.0253194              1
10              8         3.1731      0.0231477              1
10              9      0.0291769     0.00758585              1
10             10      0.0197075     0.00206515              1
10             11        3.18527      0.0398385              1
11              0         3.1459      0.0251157              1
11              1        3.14847     0.00762942              1
11              2      0.0198002      0.0363154              1
11              3      0.0306494      0.0433013              1
11              4        3.15689      0.0262882              1
11              5        3.16449      0.0225643              1
11              6      0.0350256      0.0046364              1
11              7      0.0257346       0.020824              1
11              8        3.15171      0.0141473              1
11              9        3.15629      0.0324821              1
11             10      0.0484684      0.0468072              1
11             11     0.00957292     0.00754089              1
