#x              y     Theta(x,y)       Phi(x,y)Moment_Size(x,y)
0              0      0.0451802      0.0425118              1
0              1        3.18042      0.0163702              1
0              2        3.18215     0.00107586              1
0              3      0.0271998     0.00705933              1
0              4      0.0386327      0.0243604              1
0              5        3.15894     0.00590202              1
0              6        3.18099      0.0424326              1
0              7     0.00156873      0.0431664              1
0              8      0.0339239     0.00985423              1
0              9        3.14905      0.0390118              1
0             10        3.15717     0.00247748              1
0             11      0.0267929      0.0229378              1
1              0       0.039191      0.0462659              1
1              1      0.0234042     0.00643391              1
1              2        3.14914      0.0360409              1
1              3        3.17746      0.0081038              1
1              4      0.0188029      0.0256693              1
1              5      0.0261128      0.0225869              1
1              6        3.16908      0.0301975              1
1              7        3.14185      0.0461789              1
1              8      0.0460399      0.0417447              1
1              9     0.00321811      0.0448722              1
1             10        3.18396      0.0471104              1
1             11         3.1684      0.0125328              1
2              0        3.15424     0.00679429              1
2              1        0.01833     0.00878066              1
2              2     0.00415835      0.0195428              1
2              3        3.16014      0.0469082              1
2              4        3.15275      0.0281552              1
2              5     0.00874272      0.0265621              1
2              6      0.0309841      0.0213244              1
2              7        3.15206      0.0203723              1
2              8        3.17571      0.0207443              1
2              9      0.0416659      0.0146477              1
2             10     0.00916321      0.0266001              1
2             11        3.14482      0.0345807              1
3              0        3.15282     0.00498252              1
3              1        3.16288      0.0178999              1
3              2      0.0162406     0.00252314              1
3              3      0.0131167      0.0478402              1
3              4        3.14596      0.0313679              1
3              5        3.15557      0.0156284              1
3              6     0.00521186      0.0309436              1
3              7       0.011593      0.0265268              1
3              8        3.14609      0.0489911              1
3              9        3.14466     0.00810945              1
3             10       0.037439      0.0380721              1
3             11      0.0336752      0.0410845              1
4              0     0.00110439      0.0342921              1
4              1        3.19065      0.0169071              1
4              2        3.16749     0.00853349              1
4              3      0.0128907      0.0297898              1
4              4      0.0187725      0.0307661              1
4              5        3.18286       0.033638              1
4              6        3.17521      0.0358285              1
4              7     0.00931764      0.0376634              1
4              8      0.0355001     0.00938131              1
4              9        3.17595      0.0370451              1
4             10        3.17738      0.0297922              1
4             11      0.0424396      0.0400358              1
5              0      0.0327042      0.0484198              1
5              1      0.0188059      0.0293815              1
5              2        3.16692      0.0409492              1
5              3         3.1694      0.0337466              1
5              4      0.0368161      0.0192344              1
5              5      0.0422571      0.0465528              1
5              6        3.15244      0.0213701              1
5              7        3.16253      0.0182537              1
5              8     0.00192384     0.00964998              1
5              9      0.0297636     0.00180204              1
5             10        3.16434      0.0496605              1
5             11        3.14425      0.0250465              1
6              0        3.18176     0.00663892              1
6              1      0.0340401       0.026527              1
6              2      0.0330188       0.035806              1
6              3        3.16182      0.0169528              1
6              4        3.17319      0.0326214              1
6              5     0.00213333     0.00727908              1
6              6      0.0290222      0.0210237              1
6              7        3.15404      0.0190796              1
6              8        3.18509      0.0134328              1
6              9      0.0215059    1.22435e-05              1
6             10      0.0485081      0.0105859              1
6             11        3.18774       0.023167              1
7              0        3.15163     0.00338122              1
7              1        3.18084      0.0496534              1
7              2      0.0182121     0.00901469              1
7              3       0.048255      0.0156287              1
7              4        3.16762      0.0275611              1
7              5        3.18137      0.0180172              1
7              6     0.00897299     0.00906679              1
7              7      0.0499562      0.0438898              1
7              8        3.15298       0.040332              1
7              9        3.18943     0.00836861              1
7             10      0.0307615      0.0449247              1
7             11      0.0333055      0.0437805              1
8              0       0.049914      0.0282986              1
8              1        3.14752      0.0375497              1
8              2        3.15892      0.0101123              1
8              3      0.0374577      0.0351398              1
8              4     0.00495134      0.0491324              1
8              5        3.16035      0.0373867              1
8              6        3.14785      0.0356043              1
8              7      0.0341489     0.00451469              1
8              8      0.0310018    0.000874598              1
8              9        3.14457      0.0334132              1
8             10        3.15136      0.0293061              1
8             11     0.00528239      0.0332882              1
9              0      0.0178241      0.0191887              1
9              1      0.0428006      0.0356949              1
9              2        3.18932     0.00582122              1
9              3        3.15884      0.0247271              1
9              4      0.0116322      0.0471798              1
9              5     0.00310591       0.031996              1
9              6        3.17538      0.0446282              1
9              7        3.18792      0.0214875              1
9              8      0.0349053      0.0264997              1
9              9      0.0136116      0.0235791              1
9             10        3.16589      0.0205566              1
9             11        3.16775      0.0230292              1
10              0        3.14446     0.00353119              1
10              1       0.019617      0.0198389              1
10              2     0.00147381      0.0428593              1
10              3        3.17365      0.0151243              1
10              4         3.1822     0.00686241              1
10              5     0.00405225      0.0291772              1
10              6      0.0216722      0.0120751              1
10              7        3.17712      0.0103595              1
10              8        3.18238      0.0362068              1
10              9      0.0449984      0.0185148              1
10             10      0.0213439      0.0165341              1
10             11        3.18469      0.0420734              1
11              0        3.16482       0.021852              1
11              1        3.18116     0.00845401              1
11              2      0.0198071      0.0393656              1
11              3     0.00265125     0.00925626              1
11              4        3.16552    0.000365655              1
11              5        3.17739      0.0356775              1
11              6      0.0287611      0.0187582              1
11              7      0.0258517       0.047262              1
11              8        3.15862      0.0464833              1
11              9        3.18296      0.0297704              1
11             10     0.00559981       0.017213              1
11             11      0.0283721        0.04271              1
