#x              y     Theta(x,y)       Phi(x,y)Moment_Size(x,y)
0              0      0.0392774      0.0226915              1
0              1        3.15512      0.0117331              1
0              2        3.18099      0.0202912              1
0              3      0.0331808      0.0445183              1
0              4      0.0341114     0.00286283              1
0              5        3.16789      0.0459016              1
0              6        3.14553     0.00142213              1
0              7      0.0257127      0.0337473              1
0              8      0.0165063      0.0310291              1
0              9        3.14396      0.0350423              1
0             10        3.19052       0.036093              1
0             11      0.0488989      0.0394533              1
1              0      0.0297125     0.00311549              1
1              1      0.0448093      0.0461944              1
1              2        3.17726      0.0289002              1
1              3        3.16367      0.0241906              1
1              4      0.0148795      0.0171658              1
1              5      0.0369668      0.0242355              1
1              6        3.14972      0.0234391              1
1              7          3.153      0.0222384              1
1              8      0.0116989      0.0382114              1
1              9     0.00990275      0.0140226              1
1             10          3.157      0.0242133              1
1             11        3.19155       0.034272              1
2              0        3.16899     0.00281932              1
2              1      0.0049986      0.0147715              1
2              2      0.0251204       0.030031              1
2              3        3.14937      0.0483177              1
2              4        3.15033      0.0237156              1
2              5     0.00460268      0.0240396              1
2              6     0.00241471      0.0175808              1
2              7        3.17797      0.0373777              1
2              8        3.18807    0.000795748              1
2              9      0.0383106      0.0174458              1
2             10     0.00742938      0.0143796              1
2             11         3.1572      0.0444035              1
3              0        3.18365     0.00192938              1
3              1        3.15459      0.0112924              1
3              2     0.00635083     0.00297625              1
3              3       0.015245      0.0160554              1
3              4        3.16286    0.000724117              1
3              5        3.18532      0.0226075              1
3              6      0.0231361      0.0234468              1
3              7      0.0339597      0.0218113              1
3              8        3.18559      0.0391775              1
3              9        3.17909      0.0422088              1
3             10      0.0109483     0.00393402              1
3             11      0.0421117      0.0232862              1
4              0      0.0378283      0.0387512              1
4              1        3.14641      0.0405526              1
4              2        3.16703      0.0145028              1
4              3      0.0188773      0.0243671              1
4              4      0.0167313     0.00863407              1
4              5         3.1836      0.0224389              1
4              6        3.15616      0.0405503              1
4              7      0.0361538      0.0139628              1
4              8     0.00944655        0.04859              1
4              9        3.18788        0.01588              1
4             10         3.1616      0.0239241              1
4             11      0.0131248      0.0425788              1
5              0      0.0337395      0.0223864              1
5              1      0.0390597     0.00168873              1
5              2         3.1534      0.0495408              1
5              3        3.17803      0.0267912              1
5              4     0.00115369      0.0486035              1
5              5      0.0375912      0.0496317              1
5              6        3.19088      0.0354074              1
5              7        3.14343     0.00834269              1
5              8      0.0148208       0.026431              1
5              9     0.00512821      0.0474843              1
5             10        3.18625      0.0341437              1
5             11        3.16595      0.0347973              1
6              0        3.16518      0.0186432              1
6              1      0.0337958      0.0144863              1
6              2      0.0374206      0.0484189              1
6              3        3.19108      0.0208059              1
6              4        3.15587      0.0221327              1
6              5      0.0497193      0.0212233              1
6              6      0.0149555      0.0381789              1
6              7        3.16646      0.0289816              1
6              8        3.17831      0.0376784              1
6              9     0.00233737     0.00141533              1
6             10      0.0479361      0.0467609              1
6             11        3.15633      0.0426033              1
7              0        3.18724      0.0343936              1
7              1        3.18656      0.0110056              1
7              2     0.00754368      0.0447909              1
7              3      0.0355107      0.0228652              1
7              4        3.16066      0.0296711              1
7              5        3.16302     0.00840466              1
7              6      0.0115734      0.0414484              1
7              7      0.0155428      0.0431854              1
7              8        3.15522    0.000804658              1
7              9        3.17702      0.0392527              1
7             10      0.0333146      0.0417436              1
7             11      0.0403917      0.0109376              1
8              0      0.0182675      0.0100551              1
8              1         3.1479       0.027114              1
8              2        3.18412      0.0188611              1
8              3      0.0187964      0.0127191              1
8              4     0.00103583      0.0167232              1
8              5        3.14396      0.0139318              1
8              6         3.1747     0.00352163              1
8              7      0.0272138      0.0110247              1
8              8      0.0463973    0.000150432              1
8              9        3.16682      0.0464046              1
8             10         3.1768      0.0300991              1
8             11      0.0469978      0.0121178              1
9              0      0.0455225      0.0370257              1
9              1      0.0486366     0.00915395              1
9              2        3.18201     0.00554119              1
9              3        3.18628      0.0443673              1
9              4     0.00893245      0.0400466              1
9              5      0.0263381      0.0266245              1
9              6        3.17566      0.0288648              1
9              7        3.15987      0.0149297              1
9              8      0.0162206      0.0397939              1
9              9      0.0452414      0.0340574              1
9             10         3.1723      0.0151098              1
9             11          3.178      0.0097748              1
10              0        3.18363      0.0163159              1
10              1      0.0472136      0.0457906              1
10              2      0.0178293    0.000335229              1
10              3        3.16361      0.0289087              1
10              4         3.1824      0.0189276              1
10              5        0.01729       0.037487              1
10              6       0.034045     0.00180552              1
10              7        3.18298       0.023951              1
10              8         3.1761      0.0464681              1
10              9      0.0463365      0.0056831              1
10             10      0.0415039     0.00101176              1
10             11        3.15436      0.0487317              1
11              0        3.18817      0.0221344              1
11              1        3.17215      0.0199704              1
11              2      0.0291057      0.0308667              1
11              3      0.0391047     0.00988663              1
11              4        3.14377      0.0117746              1
11              5        3.14916      0.0272854              1
11              6      0.0121862      0.0456807              1
11              7     0.00717408       0.019133              1
11              8        3.18843       0.038041              1
11              9        3.16245       0.045279              1
11             10      0.0450564       0.032948              1
11             11      0.0463926     0.00096949              1
