#x              y     Theta(x,y)       Phi(x,y)Moment_Size(x,y)
0              0     0.00669383     0.00682035              1
0              1        3.15768      0.0056587              1
0              2        3.18521     0.00810341              1
0              3       0.028228      0.0242779              1
0              4      0.0236916      0.0483365              1
0              5        3.17481      0.0153989              1
0              6        3.18573       0.032911              1
0              7     0.00161061      0.0470673              1
0              8      0.0282333      0.0106619              1
0              9         3.1537       0.025743              1
0             10        3.17439      0.0494905              1
0             11      0.0165898      0.0329113              1
1              0      0.0225607     0.00105121              1
1              1     0.00596766     0.00345595              1
1              2        3.18138      0.0247156              1
1              3         3.1539      0.0480716              1
1              4      0.0446087      0.0340883              1
1              5      0.0112249      0.0401941              1
1              6        3.17774      0.0184853              1
1              7        3.15211       0.016145              1
1              8     0.00240433      0.0355331              1
1              9      0.0253447       0.023274              1
1             10        3.16023      0.0383439              1
1             11        3.14466      0.0287851              1
2              0        3.15914      0.0455679              1
2              1       0.034738      0.0323898              1
2              2      0.0275393      0.0364419              1
2              3        3.17464      0.0270604              1
2              4        3.17355      0.0439809              1
2              5      0.0370061     0.00758921              1
2              6     0.00238293      0.0256605              1
2              7        3.16802      0.0462975              1
2              8        3.17316      0.0240775              1
2              9      0.0224762     0.00714774              1
2             10     0.00731791      0.0285608              1
2             11        3.18194       0.045753              1
3              0        3.16513     0.00372125              1
3              1         3.1811      0.0196262              1
3              2    0.000701284      0.0224901              1
3              3      0.0298529      0.0286039              1
3              4        3.17985     0.00215932              1
3              5        3.18093      0.0249548              1
3              6      0.0307092      0.0183014              1
3              7      0.0289256      0.0257964              1
3              8         3.1723     0.00295473              1
3              9        3.17079      0.0330665              1
3             10      0.0116625      0.0143408              1
3             11      0.0472885      0.0372946              1
4              0      0.0284924      0.0317616              1
4              1        3.16809      0.0199185              1
4              2        3.15076      0.0028361              1
4              3      0.0344083      0.0360378              1
4              4      0.0433348      0.0134181              1
4              5        3.15481       0.025211              1
4              6        3.16133      0.0347174              1
4              7      0.0187323      0.0136034              1
4              8      0.0204967      0.0376051              1
4              9          3.163      0.0238506              1
4             10        3.17655      0.0402375              1
4             11     0.00380561      0.0203943              1
5              0     0.00447266      0.0278089              1
5              1     0.00951786      0.0298495              1
5              2        3.15119     0.00061257              1
5              3        3.16457      0.0318016              1
5              4        0.04771     0.00350926              1
5              5      0.0246611      0.0185778              1
5              6        3.15058      0.0232383              1
5              7        3.16377      0.0315957              1
5              8      0.0052598      0.0352621              1
5              9      0.0265911      0.0130417              1
5             10        3.17787      0.0201483              1
5             11        3.18191       0.018086              1
6              0        3.18108      0.0110817              1
6              1       0.044421      0.0185303              1
6              2     0.00422883    3.03978e-05              1
6              3        3.18033      0.0448452              1
6              4        3.15598      0.0205121              1
6              5      0.0256955      0.0113465              1
6              6      0.0296749      0.0229711              1
6              7        3.16585      0.0454013              1
6              8        3.14582     0.00318006              1
6              9      0.0452686       0.012999              1
6             10       0.010134     0.00702884              1
6             11        3.15743      0.0319551              1
7              0        3.16253      0.0124889              1
7              1        3.14351      0.0141632              1
7              2     0.00670827       0.011552              1
7              3       0.033656      0.0180614              1
7              4        3.17749      0.0324173              1
7              5        3.15573      0.0205085              1
7              6     0.00117215       0.024114              1
7              7        0.03193      0.0290341              1
7              8        3.15087      0.0418168              1
7              9        3.17582      0.0316817              1
7             10      0.0209802     0.00925827              1
7             11       0.031765      0.0352278              1
8              0      0.0145932      0.0401618              1
8              1        3.18586      0.0130887              1
8              2        3.18716      0.0288215              1
8              3    0.000568792     0.00715111              1
8              4      0.0295479     0.00471245              1
8              5        3.14784       0.040509              1
8              6         3.1632      0.0148473              1
8              7      0.0245009       0.010452              1
8              8      0.0295293      0.0445609              1
8              9        3.18736      0.0477559              1
8             10        3.16489      0.0170134              1
8             11      0.0494927      0.0225417              1
9              0      0.0237297       0.013497              1
9              1      0.0260243    0.000976065              1
9              2        3.18779     0.00121973              1
9              3        3.16631      0.0364348              1
9              4      0.0050542       0.011609              1
9              5      0.0428043      0.0435496              1
9              6        3.14627      0.0163961              1
9              7        3.15211      0.0243273              1
9              8      0.0475684     0.00101586              1
9              9      0.0392668      0.0351342              1
9             10        3.17682    0.000834302              1
9             11        3.16575      0.0447159              1
10              0        3.15589      0.0374495              1
10              1      0.0253344       0.049946              1
10              2      0.0382459      0.0374605              1
10              3        3.18062      0.0135425              1
10              4        3.17663      0.0176781              1
10              5     0.00277745      0.0235802              1
10              6     0.00652987      0.0181313              1
10              7        3.18531      0.0456501              1
10              8        3.17194      0.0250254              1
10              9      0.0189791       0.023947              1
10             10      0.0232668      0.0216098              1
10             11        3.19048      0.0199735              1
11              0         3.1645      0.0153093              1
11              1        3.17203      0.0465169              1
11              2      0.0381778      0.0493448              1
11              3     0.00703468      0.0386607              1
11              4        3.16644      0.0332575              1
11              5        3.17716        0.00113              1
11              6      0.0413417       0.026443              1
11              7      0.0136095      0.0226227              1
11              8        3.16276      0.0369804              1
11              9        3.16067      0.0315174              1
11             10      0.0429801      0.0302956              1
11             11      0.0107931      0.0409407              1
