#x              y     Theta(x,y)       Phi(x,y)Moment_Size(x,y)
0              0      0.0300642      0.0456852              1
0              1        3.15547      0.0205025              1
0              2        3.15881      0.0133175              1
0              3      0.0476447      0.0202158              1
0              4       0.025221      0.0218114              1
0              5        3.18124      0.0473982              1
0              6        3.14953      0.0149945              1
0              7      0.0126152      0.0257014              1
0              8      0.0265024      0.0104952              1
0              9        3.17076      0.0127882              1
0             10        3.15678      0.0428067              1
0             11      0.0159664      0.0285394              1
1              0      0.0133366      0.0303683              1
1              1        0.01126      0.0173941              1
1              2        3.15784      0.0284478              1
1              3        3.18348      0.0351477              1
1              4     0.00824386     0.00497575              1
1              5      0.0112686      0.0400634              1
1              6        3.18127     0.00569243              1
1              7        3.17439      0.0317072              1
1              8      0.0472124     0.00554962              1
1              9      0.0399802     0.00489833              1
1             10        3.14936      0.0417811              1
1             11        3.18093      0.0433537              1
2              0         3.1434       0.037659              1
2              1     0.00855551      0.0362215              1
2              2      0.0311072      0.0272761              1
2              3        3.18866     0.00345908              1
2              4         3.1682       0.048167              1
2              5      0.0328811      0.0351277              1
2              6      0.0462487      0.0365727              1
2              7        3.14162     0.00135599              1
2              8        3.17839      0.0221122              1
2              9      0.0375464      0.0414353              1
2             10      0.0217482       0.038615              1
2             11        3.18293       0.010792              1
3              0        3.16455       0.045285              1
3              1        3.15793       0.015383              1
3              2      0.0315253     0.00965469              1
3              3      0.0460485      0.0218134              1
3              4        3.17049      0.0325665              1
3              5        3.15632      0.0323625              1
3              6      0.0274415      0.0372729              1
3              7      0.0283769      0.0224139              1
3              8        3.17858      0.0224639              1
3              9        3.16938     0.00244889              1
3             10       0.031057     0.00514781              1
3             11      0.0147366      0.0246304              1
4              0      0.0156718      0.0187777              1
4              1        3.15258      0.0345932              1
4              2        3.17454      0.0173058              1
4              3     0.00115934       0.026881              1
4              4     0.00658458     0.00748848              1
4              5        3.19143      0.0454028              1
4              6        3.17321      0.0417071              1
4              7      0.0157175      0.0205545              1
4              8      0.0180899      0.0455423              1
4              9        3.15423      0.0013798              1
4             10        3.15417      0.0275069              1
4             11      0.0201372      0.0377395              1
5              0     0.00693912      0.0462164              1
5              1     0.00233184      0.0301893              1
5              2        3.16412      0.0221758              1
5              3        3.18425      0.0301119              1
5              4      0.0213194      0.0475292              1
5              5      0.0243527      0.0486784              1
5              6        3.17932      0.0100954              1
5              7         3.1583      0.0400659              1
5              8      0.0155812     0.00437668              1
5              9     0.00279145      0.0442258              1
5             10         3.1807      0.0183398              1
5             11        3.16643      0.0300252              1
6              0        3.15997     0.00598598              1
6              1       0.026134      0.0116306              1
6              2     0.00602373      0.0255284              1
6              3        3.16759      0.0242296              1
6              4        3.18876     0.00492208              1
6              5       0.043547      0.0335536              1
6              6      0.0445154      0.0167867              1
6              7        3.14827      0.0115682              1
6              8        3.14404     0.00408802              1
6              9    0.000379347      0.0233299              1
6             10      0.0415608      0.0406299              1
6             11        3.18278       0.032307              1
7              0        3.18754      0.0301746              1
7              1         3.1876      0.0199319              1
7              2      0.0478421      0.0450654              1
7              3       0.019482      0.0139453              1
7              4        3.18094      0.0442193              1
7              5         3.1578      0.0207748              1
7              6       0.047264       0.037521              1
7              7      0.0477684      0.0470434              1
7              8         3.1553       0.030403              1
7              9        3.15681       0.025953              1
7             10     0.00541162      0.0423431              1
7             11      0.0447385      0.0395415              1
8              0      0.0448763      0.0244872              1
8              1        3.15022      0.0350441              1
8              2         3.1538      0.0272213              1
8              3      0.0442103      0.0484902              1
8              4       0.031584      0.0163277              1
8              5        3.16251      0.0300404              1
8              6        3.17621       0.033877              1
8              7     0.00247164      0.0461582              1
8              8     0.00705022     0.00735483              1
8              9        3.16304      0.0268054              1
8             10        3.18913      0.0290426              1
8             11      0.0272744      0.0331392              1
9              0      0.0109669      0.0444731              1
9              1      0.0480936      0.0201612              1
9              2        3.18728     0.00471461              1
9              3        3.16986      0.0378329              1
9              4     0.00989122      0.0385997              1
9              5      0.0443904      0.0210621              1
9              6        3.17593      0.0461711              1
9              7        3.15804      0.0256073              1
9              8      0.0269907      0.0412427              1
9              9      0.0495677      0.0149294              1
9             10        3.16423       0.021106              1
9             11        3.18372      0.0321536              1
10              0        3.17006      0.0353001              1
10              1      0.0256184      0.0139508              1
10              2       0.037561      0.0333358              1
10              3         3.1755      0.0110768              1
10              4        3.15801      0.0215535              1
10              5      0.0404964      0.0137986              1
10              6      0.0447809      0.0110693              1
10              7         3.1432      0.0169504              1
10              8        3.18104      0.0192724              1
10              9      0.0468179       0.048604              1
10             10      0.0357397      0.0275439              1
10             11        3.18451     0.00399174              1
11              0        3.18228     0.00309483              1
11              1        3.15673     0.00856321              1
11              2      0.0180722      0.0456295              1
11              3       0.042468      0.0493672              1
11              4        3.18201      0.0136876              1
11              5        3.17793      0.0462653              1
11              6     0.00702397      0.0190848              1
11              7      0.0129043      0.0486554              1
11              8        3.17493      0.0156687              1
11              9        3.16689      0.0207237              1
11             10      0.0148526       0.012714              1
11             11      0.0367413      0.0327135              1
