#x              y     Theta(x,y)       Phi(x,y)Moment_Size(x,y)
0              0      0.0388033      0.0280049              1
0              1        3.16883      0.0223035              1
0              2        3.15453      0.0412258              1
0              3       0.011045      0.0498947              1
0              4     0.00835426      0.0458987              1
0              5        3.15014      0.0382585              1
0              6        3.16992      0.0297523              1
0              7      0.0203973      0.0148031              1
0              8      0.0406632     0.00852915              1
0              9        3.14167     0.00322744              1
0             10        3.16444     0.00746519              1
0             11     0.00371882      0.0211437              1
1              0      0.0401413      0.0403602              1
1              1      0.0427353      0.0320694              1
1              2        3.14727     0.00721731              1
1              3        3.18713     0.00410474              1
1              4      0.0189063      0.0344438              1
1              5      0.0492678      0.0161334              1
1              6        3.16023      0.0192136              1
1              7        3.15019      0.0453381              1
1              8      0.0071766      0.0336992              1
1              9      0.0391537      0.0445737              1
1             10        3.16168      0.0378883              1
1             11        3.15795      0.0184069              1
2              0        3.15897      0.0137234              1
2              1      0.0103443       0.021694              1
2              2      0.0126826      0.0211472              1
2              3        3.16401     0.00517596              1
2              4         3.1896      0.0447827              1
2              5     0.00104006     0.00276115              1
2              6      0.0374292      0.0182605              1
2              7        3.18625      0.0316262              1
2              8        3.15809      0.0339998              1
2              9        0.02273      0.0292236              1
2             10      0.0443217     0.00640399              1
2             11        3.18701     0.00533796              1
3              0        3.16802      0.0270743              1
3              1         3.1857      0.0130149              1
3              2      0.0096519       0.028431              1
3              3      0.0368006     0.00994471              1
3              4        3.18726       0.049672              1
3              5         3.1806      0.0341483              1
3              6      0.0057471      0.0213779              1
3              7      0.0487677      0.0431906              1
3              8        3.17726      0.0135369              1
3              9        3.16044      0.0127149              1
3             10     0.00695168      0.0465313              1
3             11      0.0483014      0.0435466              1
4              0     0.00338787      0.0325484              1
4              1        3.16617      0.0017489              1
4              2        3.18732      0.0297716              1
4              3      0.0322477      0.0405778              1
4              4      0.0310783     0.00105389              1
4              5        3.18722      0.0093352              1
4              6        3.17822      0.0243521              1
4              7      0.0138648      0.0308146              1
4              8      0.0394408      0.0348982              1
4              9        3.14616      0.0223009              1
4             10        3.15564      0.0429144              1
4             11     0.00820011      0.0222491              1
5              0    0.000966899      0.0436047              1
5              1      0.0198153      0.0392815              1
5              2        3.15203      0.0317559              1
5              3        3.17356     0.00644381              1
5              4       0.029566     0.00129372              1
5              5      0.0482813      0.0246833              1
5              6        3.18292      0.0406231              1
5              7        3.14734      0.0327815              1
5              8      0.0288274     0.00108217              1
5              9     0.00543978      0.0143635              1
5             10        3.17076      0.0474733              1
5             11          3.162      0.0393965              1
6              0        3.16547      0.0119788              1
6              1      0.0318739      0.0295422              1
6              2     0.00838827      0.0325282              1
6              3        3.16289       0.032873              1
6              4         3.1546      0.0371526              1
6              5       0.036245      0.0360584              1
6              6      0.0147941      0.0428828              1
6              7        3.16141     0.00141748              1
6              8        3.17308      0.0449756              1
6              9      0.0477664    8.65906e-05              1
6             10       0.021688      0.0199733              1
6             11        3.17939      0.0422374              1
7              0        3.17378      0.0354258              1
7              1        3.17845     0.00667852              1
7              2        0.04225      0.0343217              1
7              3      0.0335052     0.00689528              1
7              4        3.15019     0.00872075              1
7              5        3.17458      0.0166866              1
7              6       0.019226     0.00419493              1
7              7      0.0267403      0.0497568              1
7              8        3.15449      0.0169958              1
7              9        3.17192      0.0263264              1
7             10      0.0119358      0.0426779              1
7             11      0.0116875      0.0190267              1
8              0      0.0275157      0.0267546              1
8              1        3.17016      0.0430295              1
8              2        3.18476      0.0225431              1
8              3     0.00794871     0.00611237              1
8              4      0.0193373      0.0106758              1
8              5        3.16694      0.0408728              1
8              6        3.17098      0.0167826              1
8              7       0.031073      0.0392293              1
8              8      0.0459494      0.0492607              1
8              9        3.15523      0.0465359              1
8             10        3.18244      0.0270079              1
8             11      0.0341583      0.0358918              1
9              0      0.0391613       0.017602              1
9              1      0.0490282       0.036889              1
9              2        3.17107     0.00857966              1
9              3        3.16083      0.0330065              1
9              4      0.0350673      0.0242792              1
9              5      0.0478434     0.00517022              1
9              6        3.17003      0.0116001              1
9              7        3.15233      0.0291375              1
9              8      0.0127668     0.00572369              1
9              9      0.0192141      0.0147194              1
9             10        3.17817      0.0160844              1
9             11        3.17739      0.0302272              1
10              0        3.14218     0.00731901              1
10              1      0.0241674      0.0467535              1
10              2      0.0428521      0.0224611              1
10              3        3.17548      0.0174758              1
10              4        3.16715      0.0419126              1
10              5     0.00274999      0.0484287              1
10              6     0.00544106      0.0295943              1
10              7        3.18353      0.0478125              1
10              8        3.18103      0.0340179              1
10              9      0.0366905      0.0491117              1
10             10      0.0218239     0.00881582              1
10             11        3.16548       0.010402              1
11              0         3.1736      0.0259565              1
11              1        3.14378      0.0253262              1
11              2      0.0401147      0.0470888              1
11              3     0.00223235      0.0139905              1
11              4        3.14717      0.0447947              1
11              5         3.1619     0.00544105              1
11              6      0.0106068      0.0440219              1
11              7     0.00876223      0.0415416              1
11              8        3.15148      0.0416976              1
11              9        3.15902      0.0125784              1
11             10    0.000287715      0.0348485              1
11             11      0.0108345      0.0247706              1
