#x              y     Theta(x,y)       Phi(x,y)Moment_Size(x,y)
0              0      0.0279383     0.00978819              1
0              1        3.18231       0.012755              1
0              2        3.18076      0.0494411              1
0              3      0.0058562      0.0132444              1
0              4      0.0191352      0.0309362              1
0              5        3.17798      0.0496146              1
0              6        3.16474        0.01634              1
0              7       0.028446      0.0260397              1
0              8      0.0166127      0.0220212              1
0              9        3.14861      0.0273116              1
0             10        3.16338      0.0432822              1
0             11      0.0226824      0.0234495              1
1              0      0.0295121      0.0173184              1
1              1      0.0174317      0.0182122              1
1              2        3.15823      0.0431835              1
1              3        3.15057      0.0312491              1
1              4      0.0435639     0.00280757              1
1              5      0.0249861       0.049492              1
1              6        3.18691     0.00910897              1
1              7        3.15868      0.0143098              1
1              8      0.0424596    4.16939e-05              1
1              9      0.0260378      0.0470277              1
1             10         3.1533      0.0148764              1
1             11        3.17192      0.0376131              1
2              0        3.16958      0.0180651              1
2              1      0.0326138       0.027219              1
2              2     0.00488738      0.0455695              1
2              3        3.17129     0.00964118              1
2              4        3.14239     0.00602657              1
2              5      0.0254751      0.0119566              1
2              6      0.0457696      0.0184737              1
2              7        3.15021      0.0227931              1
2              8        3.18803      0.0102433              1
2              9      0.0253568      0.0311555              1
2             10    0.000177343      0.0111914              1
2             11        3.17197      0.0299387              1
3              0        3.17845      0.0211329              1
3              1         3.1431       0.031643              1
3              2      0.0227535     0.00502969              1
3              3      0.0243167       0.025466              1
3              4        3.14604      0.0397966              1
3              5        3.15403      0.0384375              1
3              6      0.0235119     0.00301405              1
3              7      0.0315709       0.046841              1
3              8        3.15381     0.00143233              1
3              9        3.17766       0.028271              1
3             10       0.026013      0.0390727              1
3             11     0.00560567    0.000355969              1
4              0      0.0352362     0.00830678              1
4              1        3.15407      0.0227027              1
4              2        3.16203      0.0251418              1
4              3     0.00581841      0.0266681              1
4              4     0.00199737      0.0256761              1
4              5        3.17295      0.0423526              1
4              6        3.18493      0.0075282              1
4              7      0.0252455      0.0262779              1
4              8    0.000129523     0.00430283              1
4              9        3.17088     0.00231707              1
4             10          3.149      0.0443191              1
4             11      0.0272148      0.0445753              1
5              0       0.005629      0.0295648              1
5              1      0.0319867      0.0444524              1
5              2        3.16458      0.0215955              1
5              3        3.16652      0.0426745              1
5              4      0.0155681      0.0247992              1
5              5      0.0020981     0.00660198              1
5              6        3.17593      0.0183305              1
5              7        3.16085      0.0307979              1
5              8       0.035157      0.0394062              1
5              9      0.0425494      0.0310004              1
5             10        3.18266      0.0178217              1
5             11        3.17474      0.0477388              1
6              0           3.17      0.0456537              1
6              1      0.0371883     0.00462362              1
6              2      0.0478939      0.0449517              1
6              3        3.17294      0.0257545              1
6              4        3.14467      0.0235953              1
6              5      0.0205501     0.00797633              1
6              6      0.0432768      0.0186754              1
6              7        3.16461     0.00390446              1
6              8        3.17794      0.0287558              1
6              9      0.0192427      0.0218526              1
6             10      0.0159899      0.0288687              1
6             11        3.15466      0.0216679              1
7              0        3.15465     0.00102183              1
7              1        3.18651       0.021644              1
7              2      0.0384631     0.00912138              1
7              3      0.0268976      0.0265576              1
7              4        3.15933      0.0290859              1
7              5        3.16605       0.011496              1
7              6      0.0337748      0.0376802              1
7              7     0.00106018      0.0377763              1
7              8        3.17359     0.00454602              1
7              9        3.18655      0.0329093              1
7             10      0.0337944      0.0400136              1
7             11      0.0334289      0.0319398              1
8              0      0.0142282      0.0396248              1
8              1        3.19014      0.0319085              1
8              2        3.16559      0.0387718              1
8              3       0.015502      0.0292375              1
8              4      0.0138129      0.0216307              1
8              5        3.18526     0.00559341              1
8              6        3.15725      0.0204076              1
8              7     0.00967477      0.0129437              1
8              8      0.0405942      0.0151517              1
8              9        3.14378      0.0165461              1
8             10        3.15133      0.0166236              1
8             11      0.0165964      0.0214281              1
9              0      0.0489186       0.024678              1
9              1      0.0325599       0.032259              1
9              2        3.16151      0.0289234              1
9              3        3.18522      0.0492562              1
9              4    0.000345209      0.0363994              1
9              5      0.0106963     0.00317108              1
9              6        3.17623    0.000800062              1
9              7        3.15003     0.00655044              1
9              8      0.0381512      0.0235113              1
9              9      0.0242332      0.0459128              1
9             10        3.15001     0.00333935              1
9             11        3.14966     0.00776822              1
10              0        3.16062      0.0107229              1
10              1      0.0197163      0.0291444              1
10              2      0.0212277      0.0494916              1
10              3        3.19025      0.0364781              1
10              4        3.14291      0.0493798              1
10              5      0.0359509     0.00159952              1
10              6     0.00373705     0.00415432              1
10              7        3.17901    0.000535533              1
10              8        3.14669      0.0296425              1
10              9      0.0395265      0.0134214              1
10             10      0.0392735      0.0106257              1
10             11        3.18229      0.0039545              1
11              0        3.14318     0.00387988              1
11              1        3.18841      0.0305115              1
11              2      0.0444042      0.0163751              1
11              3      0.0157154      0.0310105              1
11              4        3.14237       0.044369              1
11              5        3.15903     0.00156175              1
11              6       0.011417      0.0319726              1
11              7      0.0385395       0.047201              1
11              8        3.18354      0.0180862              1
11              9         3.1448     0.00783712              1
11             10      0.0302658      0.0151824              1
11             11      0.0302418      0.0386151              1
