#x              y     Theta(x,y)       Phi(x,y)Moment_Size(x,y)
0              0      0.0242071      0.0458803              1
0              1         3.1883     0.00355993              1
0              2        3.18945      0.0245882              1
0              3       0.027322      0.0121712              1
0              4      0.0351901      0.0367803              1
0              5        3.15293     0.00631902              1
0              6          3.159       0.038636              1
0              7      0.0478478      0.0388697              1
0              8      0.0396782       0.026629              1
0              9        3.16676     0.00157836              1
0             10        3.18895      0.0243476              1
0             11      0.0191637      0.0226934              1
1              0       0.043116      0.0430021              1
1              1      0.0100966      0.0031585              1
1              2        3.16989     0.00116735              1
1              3        3.14186      0.0303137              1
1              4     0.00121084      0.0411335              1
1              5     0.00725458       0.045344              1
1              6        3.14474      0.0480759              1
1              7        3.19088      0.0290746              1
1              8      0.0090731      0.0107775              1
1              9     0.00122637      0.0180059              1
1             10        3.18251      0.0100189              1
1             11        3.15112      0.0134709              1
2              0        3.15167      0.0320317              1
2              1      0.0145203      0.0122544              1
2              2      0.0402345      0.0221912              1
2              3        3.17069      0.0251915              1
2              4        3.18394      0.0445976              1
2              5      0.0114337      0.0346732              1
2              6      0.0141715      0.0466873              1
2              7        3.14601      0.0244909              1
2              8        3.17444      0.0435909              1
2              9      0.0130926     0.00201313              1
2             10      0.0198933      0.0150148              1
2             11        3.18318      0.0356805              1
3              0          3.157      0.0231538              1
3              1        3.17556      0.0293113              1
3              2      0.0111047      0.0342708              1
3              3      0.0370886      0.0474712              1
3              4        3.16284      0.0432636              1
3              5        3.17097      0.0432891              1
3              6      0.0308711      0.0357289              1
3              7       0.048736       0.022062              1
3              8        3.14967      0.0271106              1
3              9        3.14735      0.0386137              1
3             10      0.0324416       0.016354              1
3             11      0.0244972      0.0108772              1
4              0      0.0412327      0.0287967              1
4              1        3.16476      0.0115769              1
4              2        3.16878     0.00630481              1
4              3      0.0465422       0.028063              1
4              4      0.0156212      0.0306066              1
4              5        3.19063      0.0381873              1
4              6        3.18996      0.0469709              1
4              7      0.0470072      0.0138096              1
4              8      0.0490689      0.0482514              1
4              9        3.17649      0.0200296              1
4             10        3.15269      0.0208856              1
4             11      0.0342683      0.0285572              1
5              0      0.0285367      0.0471882              1
5              1      0.0141308      0.0100453              1
5              2        3.16758      0.0499858              1
5              3        3.17791      0.0122185              1
5              4      0.0411689      0.0139072              1
5              5      0.0190158       0.016441              1
5              6        3.16806     0.00502299              1
5              7        3.16007     0.00941146              1
5              8       0.027876     0.00550219              1
5              9      0.0353005      0.0448769              1
5             10        3.18782      0.0428078              1
5             11        3.16298      0.0124025              1
6              0        3.18624      0.0214499              1
6              1      0.0262596       0.035378              1
6              2      0.0404438      0.0131326              1
6              3        3.18317       0.024794              1
6              4        3.14856     0.00671119              1
6              5      0.0162198      0.0127778              1
6              6      0.0303087      0.0317734              1
6              7        3.15528      0.0385819              1
6              8        3.14681     0.00453396              1
6              9      0.0157297      0.0448694              1
6             10      0.0296518      0.0254193              1
6             11        3.16563     0.00808227              1
7              0         3.1631     0.00212567              1
7              1        3.14849     0.00503355              1
7              2     0.00215692     0.00315261              1
7              3      0.0463122       0.023757              1
7              4        3.18946      0.0405904              1
7              5        3.18788     0.00779182              1
7              6      0.0311106    0.000482604              1
7              7      0.0355098      0.0391077              1
7              8        3.15273      0.0324139              1
7              9        3.17679      0.0357111              1
7             10       0.040678     0.00387006              1
7             11      0.0492664      0.0209606              1
8              0      0.0161779      0.0236805              1
8              1        3.16733      0.0131355              1
8              2        3.14404      0.0328101              1
8              3      0.0306204      0.0317368              1
8              4      0.0269387      0.0208383              1
8              5        3.14328      0.0073126              1
8              6        3.17056      0.0168947              1
8              7      0.0148766      0.0463676              1
8              8      0.0485216      0.0471732              1
8              9        3.18124      0.0256657              1
8             10        3.15919      0.0129366              1
8             11      0.0355272    0.000869962              1
9              0      0.0241754      0.0461966              1
9              1      0.0317431      0.0106727              1
9              2        3.18279      0.0330188              1
9              3        3.15504       0.024373              1
9              4      0.0104606      0.0491774              1
9              5      0.0420776      0.0149549              1
9              6        3.15858      0.0246477              1
9              7         3.1418      0.0456371              1
9              8      0.0147393     0.00984528              1
9              9      0.0137909      0.0468753              1
9             10        3.17667      0.0334597              1
9             11        3.15814      0.0371437              1
10              0         3.1572      0.0161466              1
10              1      0.0302117      0.0343943              1
10              2      0.0310481      0.0270751              1
10              3        3.18549      0.0111256              1
10              4        3.19015      0.0389149              1
10              5     0.00222666      0.0412274              1
10              6      0.0307496     0.00900144              1
10              7        3.15125      0.0346179              1
10              8        3.15704      0.0137541              1
10              9      0.0279326     0.00497035              1
10             10      0.0486204       0.008971              1
10             11        3.15134      0.0279523              1
11              0        3.18478      0.0257606              1
11              1        3.18384      0.0417338              1
11              2      0.0207218      0.0128145              1
11              3      0.0250923      0.0323588              1
11              4        3.17534      0.0404287              1
11              5        3.16797       0.017992              1
11              6      0.0417098      0.0172971              1
11              7     0.00268088      0.0442777              1
11              8         3.1842      0.0116083              1
11              9        3.14932      0.0177811              1
11             10     0.00220591      0.0385299              1
11             11     0.00115781      0.0130634              1
