#x              y     Theta(x,y)       Phi(x,y)Moment_Size(x,y)
0              0      0.0377193      0.0474651              1
0              1        3.14778      0.0084362              1
0              2        3.17432      0.0482792              1
0              3      0.0309861      0.0388057              1
0              4      0.0114164      0.0483477              1
0              5         3.1746      0.0199637              1
0              6        3.17495     0.00111506              1
0              7      0.0130293      0.0270867              1
0              8      0.0402929      0.0280357              1
0              9        3.18178      0.0199321              1
0             10        3.18879      0.0283472              1
0             11      0.0320991      0.0473619              1
1              0     0.00587071      0.0445957              1
1              1      0.0183553      0.0165466              1
1              2        3.15137      0.0274596              1
1              3        3.15476      0.0227153              1
1              4      0.0209701     0.00388414              1
1              5      0.0161785     0.00221645              1
1              6        3.16913      0.0353709              1
1              7        3.18494      0.0322669              1
1              8      0.0297166      0.0071342              1
1              9      0.0110882      0.0389948              1
1             10         3.1625      0.0112823              1
1             11         3.1719      0.0351658              1
2              0        3.14866     0.00275466              1
2              1      0.0333482      0.0321065              1
2              2      0.0280952      0.0331344              1
2              3        3.14173     0.00606598              1
2              4        3.14391    0.000391498              1
2              5     0.00902385      0.0228027              1
2              6      0.0328992      0.0478385              1
2              7        3.14966      0.0164261              1
2              8        3.16349      0.0458339              1
2              9      0.0215783      0.0197347              1
2             10      0.0488442     0.00543898              1
2             11        3.14903      0.0221113              1
3              0        3.18322      0.0450355              1
3              1         3.1666    0.000890621              1
3              2      0.0148386     0.00144063              1
3              3      0.0143969     0.00476577              1
3              4        3.18335      0.0299521              1
3              5        3.18446      0.0454303              1
3              6      0.0157282      0.0261492              1
3              7     0.00849324      0.0418689              1
3              8        3.18112    0.000491048              1
3              9        3.18913      0.0277234              1
3             10     0.00466043       0.038578              1
3             11     0.00408295     0.00634041              1
4              0      0.0128579      0.0358953              1
4              1        3.15514      0.0351545              1
4              2        3.17748     0.00431518              1
4              3      0.0342994      0.0222405              1
4              4      0.0187548    0.000474625              1
4              5        3.15626      0.0231932              1
4              6        3.14569     0.00185147              1
4              7       0.029111      0.0463925              1
4              8      0.0458673       0.024139              1
4              9        3.18613     0.00844446              1
4             10        3.15932      0.0132231              1
4             11      0.0290375     0.00655332              1
5              0      0.0377873      0.0298094              1
5              1      0.0216965      0.0449782              1
5              2        3.15565     0.00363386              1
5              3        3.17425     0.00574237              1
5              4      0.0488018      0.0136715              1
5              5     0.00667497       0.016761              1
5              6        3.18496      0.0193528              1
5              7        3.16801      0.0495507              1
5              8      0.0408424     0.00211014              1
5              9      0.0461785      0.0270783              1
5             10         3.1876      0.0261482              1
5             11        3.17066      0.0278138              1
6              0        3.16146      0.0154264              1
6              1      0.0334683      0.0139841              1
6              2     0.00480276      0.0394771              1
6              3        3.16056      0.0438437              1
6              4        3.16041     0.00562844              1
6              5      0.0375247      0.0472114              1
6              6      0.0258258      0.0210882              1
6              7        3.18731     0.00502264              1
6              8        3.14783      0.0221665              1
6              9       0.049845       0.029949              1
6             10      0.0492501    0.000267386              1
6             11        3.16259      0.0474989              1
7              0         3.1832      0.0152003              1
7              1        3.14965      0.0392408              1
7              2      0.0266405      0.0150408              1
7              3     0.00217073      0.0257125              1
7              4        3.19099     0.00128072              1
7              5        3.18106      0.0342683              1
7              6      0.0259313      0.0494247              1
7              7     0.00681412      0.0161425              1
7              8        3.16134      0.0247854              1
7              9        3.17863      0.0202863              1
7             10      0.0267485     0.00728061              1
7             11      0.0212038      0.0356025              1
8              0      0.0497631      0.0496826              1
8              1        3.14879      0.0281118              1
8              2        3.15249     0.00869986              1
8              3      0.0118206      0.0214801              1
8              4      0.0323748      0.0254216              1
8              5        3.17432      0.0444677              1
8              6        3.17697      0.0462354              1
8              7      0.0225914      0.0225116              1
8              8      0.0378321      0.0397114              1
8              9        3.18855     0.00291195              1
8             10        3.16042      0.0462974              1
8             11      0.0175673      0.0198932              1
9              0      0.0433271      0.0133806              1
9              1      0.0297389      0.0174561              1
9              2        3.17512     0.00634073              1
9              3        3.18397      0.0349335              1
9              4      0.0408687      0.0322659              1
9              5      0.0208215      0.0099408              1
9              6        3.18408      0.0361999              1
9              7        3.17682      0.0127039              1
9              8      0.0407802     0.00816919              1
9              9      0.0260581      0.0473444              1
9             10        3.17158       0.028191              1
9             11        3.18785      0.0300679              1
10              0        3.17262       0.014616              1
10              1     0.00208226      0.0285023              1
10              2      0.0398528     0.00410811              1
10              3        3.14882     0.00537788              1
10              4        3.16891       0.029125              1
10              5      0.0353792     0.00518064              1
10              6      0.0478448      0.0181678              1
10              7        3.15281      0.0439859              1
10              8        3.18914      0.0284642              1
10              9       0.032811       0.012024              1
10             10     0.00751262     0.00513699              1
10             11         3.1807       0.024953              1
11              0        3.14375     0.00167241              1
11              1        3.15813     0.00631425              1
11              2      0.0346829      0.0253165              1
11              3      0.0344588      0.0466515              1
11              4        3.15254      0.0165612              1
11              5        3.17423      0.0281515              1
11              6      0.0385598      0.0493213              1
11              7     0.00853321      0.0155471              1
11              8        3.17165      0.0467749              1
11              9        3.17951      0.0285718              1
11             10      0.0498919      0.0150847              1
11             11      0.0281978     0.00164635              1
