#x              y Theta_avg(x,y)   Phi_avg(x,y)
0              0     0.00828566      0.0386713
0              1        3.15843      0.0247109
0              2        3.15529     0.00339016
0              3      0.0369128      0.0216807
0              4      0.0420695      0.0308292
0              5        3.17924      0.0257869
0              6        3.17394     0.00446032
0              7      0.0288869     0.00825087
0              8      0.0366097      0.0113575
0              9        3.17454      0.0100533
0             10         3.1482     0.00387623
0             11      0.0422956      0.0332876
1              0      0.0189013      0.0349314
1              1      0.0216099    0.000437732
1              2        3.16783     0.00563105
1              3         3.1915      0.0136402
1              4      0.0374119      0.0335261
1              5      0.0371678      0.0107299
1              6        3.16043     0.00398849
1              7        3.16704      0.0418516
1              8     0.00754107        0.02414
1              9       0.037038      0.0368641
1             10        3.15583      0.0360955
1             11        3.18308      0.0248676
2              0        3.14453      0.0141992
2              1     0.00439309      0.0304171
2              2        0.01921      0.0309965
2              3        3.18236      0.0457822
2              4        3.16533      0.0402332
2              5      0.0402326      0.0235732
2              6      0.0475022      0.0122666
2              7        3.18575      0.0237003
2              8        3.15055      0.0162704
2              9      0.0384543      0.0487694
2             10      0.0167941      0.0457577
2             11        3.16196      0.0401962
3              0         3.1863      0.0335194
3              1        3.16185      0.0406221
3              2      0.0490359      0.0185475
3              3      0.0101498      0.0284834
3              4        3.14627      0.0249261
3              5        3.17796      0.0274182
3              6      0.0101465      0.0255453
3              7      0.0447836      0.0234303
3              8        3.14923      0.0350362
3              9        3.16005      0.0167551
3             10      0.0160767      0.0316786
3             11       0.021994      0.0085289
4              0      0.0265043      0.0435964
4              1        3.18605      0.0457334
4              2        3.14887       0.014197
4              3      0.0247427     0.00751664
4              4       0.025562      0.0400141
4              5        3.14433      0.0416371
4              6        3.16835      0.0234131
4              7      0.0405205      0.0249544
4              8      0.0262379       0.031244
4              9        3.14653      0.0260775
4             10        3.18421      0.0257416
4             11      0.0395471     0.00306199
5              0      0.0135824     0.00493026
5              1      0.0120731      0.0101622
5              2        3.14344      0.0440476
5              3        3.18521      0.0308495
5              4     0.00225126      0.0496345
5              5      0.0200735      0.0324016
5              6        3.15022      0.0440373
5              7        3.14282       0.045534
5              8      0.0499508       0.041546
5              9      0.0493319      0.0445731
5             10        3.18989      0.0329617
5             11        3.17697     0.00160561
6              0        3.18584      0.0197174
6              1      0.0120419      0.0246775
6              2      0.0182797      0.0351996
6              3        3.17579      0.0184887
6              4        3.14819      0.0202833
6              5      0.0188132      0.0339746
6              6      0.0365723      0.0479841
6              7        3.15866      0.0357536
6              8        3.15253     0.00727668
6              9      0.0360658      0.0176543
6             10      0.0265886      0.0263096
6             11        3.17823     0.00506465
7              0        3.15446      0.0157967
7              1        3.19157     0.00236164
7              2       0.020481       0.037029
7              3      0.0155036      0.0070392
7              4        3.17852      0.0256278
7              5        3.15145    0.000154567
7              6     0.00614475      0.0198989
7              7      0.0294481       0.046764
7              8        3.14552      0.0176382
7              9        3.16772      0.0358668
7             10    9.43729e-05      0.0456191
7             11      0.0350387      0.0273945
8              0      0.0187333    0.000167999
8              1        3.19025      0.0329866
8              2        3.18971      0.0121176
8              3      0.0122211      0.0380333
8              4      0.0194276     0.00980644
8              5        3.16178      0.0244151
8              6         3.1766      0.0338329
8              7      0.0105357      0.0233529
8              8     0.00746357      0.0112599
8              9        3.16611      0.0360948
8             10        3.17218      0.0304695
8             11     0.00824364     0.00511072
9              0      0.0423249      0.0471182
9              1      0.0205971      0.0180965
9              2        3.18261     0.00728879
9              3         3.1604     0.00710406
9              4      0.0225887      0.0223159
9              5      0.0102793       0.047689
9              6        3.14902       0.015214
9              7        3.17314      0.0162842
9              8      0.0147577      0.0298791
9              9      0.0229578      0.0384337
9             10        3.18013         0.0433
9             11        3.18367      0.0159346
10              0        3.15661      0.0467306
10              1      0.0312015      0.0166157
10              2      0.0139592      0.0110626
10              3         3.1908      0.0186829
10              4        3.16773      0.0274561
10              5      0.0337683       0.015218
10              6      0.0407322      0.0480874
10              7        3.16708      0.0362543
10              8        3.16257       0.039977
10              9     0.00431626      0.0442842
10             10      0.0191411      0.0376014
10             11         3.1723      0.0359151
11              0        3.17963      0.0430717
11              1        3.14534      0.0179694
11              2      0.0129533      0.0292714
11              3       0.019475     0.00459688
11              4        3.16655     0.00576949
11              5        3.14425      0.0121772
11              6      0.0383367      0.0315706
11              7     0.00407409     0.00746599
11              8        3.18376      0.0269069
11              9        3.18236      0.0437117
11             10      0.0425157      0.0351386
11             11      0.0492748      0.0259201
