#x              y     Theta(x,y)       Phi(x,y)Moment_Size(x,y)
0              0       0.025926      0.0249804              1
0              1        3.14892      0.0252191              1
0              2         3.1757      0.0126134              1
0              3      0.0172802      0.0383573              1
0              4      0.0262086     0.00774565              1
0              5        3.19026      0.0120982              1
0              6        3.18612      0.0212084              1
0              7     0.00118637      0.0411261              1
0              8      0.0401166     0.00999688              1
0              9        3.18587      0.0164278              1
0             10        3.18145      0.0175935              1
0             11     0.00925979      0.0449129              1
1              0      0.0437235      0.0413939              1
1              1     0.00207859      0.0081154              1
1              2        3.14581      0.0262898              1
1              3        3.16982      0.0135391              1
1              4     0.00645008       0.021365              1
1              5     0.00665554      0.0307208              1
1              6        3.16167      0.0228211              1
1              7        3.14301      0.0114367              1
1              8       0.037855      0.0297063              1
1              9      0.0422727      0.0251612              1
1             10        3.17012      0.0357001              1
1             11        3.18988      0.0209913              1
2              0        3.15339    0.000887505              1
2              1      0.0177371      0.0293244              1
2              2     0.00984996      0.0422173              1
2              3         3.1814     0.00060324              1
2              4        3.17883     0.00815931              1
2              5      0.0059912      0.0268699              1
2              6       0.048801      0.0215104              1
2              7         3.1662      0.0444633              1
2              8         3.1658      0.0174106              1
2              9      0.0248437      0.0350086              1
2             10      0.0168545      0.0111532              1
2             11        3.15748      0.0330894              1
3              0        3.18661     0.00734853              1
3              1        3.16361      0.0203147              1
3              2      0.0410981    5.91156e-05              1
3              3      0.0027158     0.00567253              1
3              4          3.177      0.0470039              1
3              5        3.16048      0.0287568              1
3              6      0.0186802     0.00799122              1
3              7      0.0111389     0.00199933              1
3              8        3.18379      0.0380378              1
3              9        3.14346      0.0262199              1
3             10     0.00465091      0.0342497              1
3             11      0.0383602      0.0048351              1
4              0       0.044032     0.00110167              1
4              1        3.14816      0.0390043              1
4              2        3.15162      0.0375953              1
4              3      0.0061164      0.0135531              1
4              4     0.00535167      0.0485353              1
4              5        3.18632      0.0205303              1
4              6        3.16201      0.0290938              1
4              7      0.0417514      0.0182346              1
4              8      0.0308778      0.0478105              1
4              9        3.15302      0.0422029              1
4             10        3.17279      0.0155896              1
4             11      0.0375769      0.0265705              1
5              0      0.0151001      0.0262935              1
5              1      0.0288821     0.00182507              1
5              2        3.18128      0.0493507              1
5              3        3.15472      0.0246156              1
5              4      0.0191121      0.0339478              1
5              5      0.0222984      0.0263845              1
5              6        3.17944      0.0139064              1
5              7        3.17053       0.036262              1
5              8      0.0466563      0.0430182              1
5              9      0.0402133      0.0033802              1
5             10        3.16163      0.0324263              1
5             11        3.19007       0.027577              1
6              0        3.15917      0.0107132              1
6              1      0.0164924     0.00932155              1
6              2      0.0251777      0.0240039              1
6              3        3.14762      0.0463441              1
6              4         3.1651      0.0290522              1
6              5      0.0438362      0.0198029              1
6              6      0.0358781       0.014618              1
6              7        3.17827     0.00187895              1
6              8        3.17589       0.013716              1
6              9      0.0484408      0.0478988              1
6             10      0.0235972      0.0380623              1
6             11        3.15851      0.0240392              1
7              0        3.15936      0.0160045              1
7              1        3.14674      0.0253375              1
7              2      0.0319054      0.0045818              1
7              3      0.0306934      0.0492435              1
7              4        3.16351       0.022108              1
7              5        3.16785      0.0209765              1
7              6      0.0291321       0.026043              1
7              7      0.0371799      0.0182747              1
7              8        3.14513      0.0103433              1
7              9        3.18991      0.0144024              1
7             10      0.0121628      0.0366279              1
7             11        0.02845      0.0123507              1
8              0      0.0300184      0.0453168              1
8              1        3.18251      0.0474251              1
8              2        3.17113     0.00782612              1
8              3      0.0319318      0.0212744              1
8              4      0.0288491      0.0131721              1
8              5         3.1912       0.049986              1
8              6        3.18325      0.0105074              1
8              7          0.046      0.0161576              1
8              8      0.0215647       0.015031              1
8              9        3.14723      0.0105931              1
8             10        3.18665      0.0382091              1
8             11      0.0299801      0.0283186              1
9              0      0.0234575      0.0221743              1
9              1      0.0130527      0.0275591              1
9              2        3.14817     0.00861255              1
9              3         3.1651      0.0483895              1
9              4      0.0211398     0.00532614              1
9              5      0.0469502     0.00573699              1
9              6        3.17825      0.0148128              1
9              7        3.14953      0.0301264              1
9              8      0.0299964      0.0427498              1
9              9      0.0382876      0.0220198              1
9             10         3.1647       0.023549              1
9             11        3.18194      0.0385632              1
10              0        3.16146      0.0279787              1
10              1      0.0434515      0.0050431              1
10              2      0.0423928     0.00243311              1
10              3        3.15021      0.0274741              1
10              4        3.16089      0.0276561              1
10              5      0.0262018      0.0296251              1
10              6      0.0241199      0.0184873              1
10              7        3.19118     0.00420081              1
10              8        3.14663      0.0374689              1
10              9       0.049934      0.0385015              1
10             10      0.0376617       0.033282              1
10             11        3.18055     0.00354745              1
11              0        3.16785     0.00906413              1
11              1        3.15819      0.0282092              1
11              2     0.00267237       0.038985              1
11              3      0.0275684      0.0418638              1
11              4        3.15689     0.00859669              1
11              5        3.17746     0.00166948              1
11              6      0.0384154     0.00582875              1
11              7       0.038564      0.0449497              1
11              8        3.15984     0.00936446              1
11              9        3.15042       0.015031              1
11             10       0.014378      0.0422138              1
11             11      0.0266857     0.00289812              1
